R,Ohm	C,pF	Temp,C
0000000000	0000100000	+081.51
Ch1,V	Ch2,V	Time,s
-00.0002	-00.0009	0000.000
+00.0001	-00.0009	0000.001
-00.0026	-00.0006	0000.002
-00.0060	-00.0018	0000.003
-00.0090	-00.0006	0000.004
-00.0121	-00.0006	0000.005
-00.0148	-00.0009	0000.006
-00.0182	-00.0012	0000.007
-00.0203	-00.0006	0000.008
-00.0240	-00.0012	0000.009
-00.0270	-00.0012	0000.010
-00.0301	-00.0009	0000.011
-00.0332	-00.0012	0000.012
-00.0359	-00.0009	0000.013
-00.0386	-00.0006	0000.014
-00.0420	-00.0012	0000.015
-00.0451	-00.0012	0000.016
-00.0484	-00.0009	0000.017
-00.0509	-00.0009	0000.018
-00.0533	-00.0012	0000.019
-00.0573	-00.0012	0000.020
-00.0600	-00.0015	0000.021
-00.0634	-00.0012	0000.022
-00.0655	-00.0012	0000.023
-00.0698	-00.0012	0000.024
-00.0719	-00.0009	0000.025
-00.0750	-00.0012	0000.026
-00.0780	-00.0012	0000.027
-00.0814	-00.0012	0000.028
-00.0838	-00.0012	0000.029
-00.0869	-00.0015	0000.030
-00.0899	-00.0009	0000.031
-00.0930	-00.0012	0000.032
-00.0960	-00.0012	0000.033
-00.0991	-00.0009	0000.034
-00.1021	-00.0012	0000.035
-00.1052	-00.0015	0000.036
-00.1082	-00.0012	0000.037
-00.1110	-00.0015	0000.038
-00.1143	-00.0015	0000.039
-00.1168	-00.0012	0000.040
-00.1204	-00.0012	0000.041
-00.1232	-00.0012	0000.042
-00.1259	-00.0015	0000.043
-00.1290	-00.0015	0000.044
-00.1320	-00.0012	0000.045
-00.1351	-00.0015	0000.046
-00.1387	-00.0012	0000.047
-00.1412	-00.0012	0000.048
-00.1445	-00.0012	0000.049
-00.1473	-00.0015	0000.050
-00.1500	-00.0006	0000.051
-00.1534	-00.0018	0000.052
-00.1564	-00.0015	0000.053
-00.1589	-00.0012	0000.054
-00.1622	-00.0015	0000.055
-00.1650	-00.0009	0000.056
-00.1677	-00.0012	0000.057
-00.1714	-00.0018	0000.058
-00.1741	-00.0018	0000.059
-00.1769	-00.0012	0000.060
-00.1799	-00.0015	0000.061
-00.1830	-00.0015	0000.062
-00.1863	-00.0018	0000.063
-00.1894	-00.0015	0000.064
-00.1921	-00.0012	0000.065
-00.1949	-00.0015	0000.066
-00.1986	-00.0015	0000.067
-00.2013	-00.0015	0000.068
-00.2040	-00.0015	0000.069
-00.2074	-00.0012	0000.070
-00.2105	-00.0015	0000.071
-00.2132	-00.0012	0000.072
-00.2163	-00.0018	0000.073
-00.2193	-00.0018	0000.074
-00.2221	-00.0018	0000.075
-00.2254	-00.0012	0000.076
-00.2282	-00.0015	0000.077
-00.2312	-00.0015	0000.078
-00.2337	-00.0015	0000.079
-00.2373	-00.0012	0000.080
-00.2404	-00.0015	0000.081
-00.2434	-00.0015	0000.082
-00.2459	-00.0015	0000.083
-00.2492	-00.0018	0000.084
-00.2529	-00.0018	0000.085
-00.2553	-00.0015	0000.086
-00.2584	-00.0015	0000.087
-00.2608	-00.0015	0000.088
-00.2648	-00.0012	0000.089
-00.2675	-00.0018	0000.090
-00.2706	-00.0018	0000.091
-00.2736	-00.0018	0000.092
-00.2761	-00.0018	0000.093
-00.2794	-00.0018	0000.094
-00.2825	-00.0021	0000.095
-00.2849	-00.0015	0000.096
-00.2880	-00.0018	0000.097
-00.2913	-00.0018	0000.098
-00.2944	-00.0021	0000.099
-00.2974	-00.0015	0000.100
-00.3002	-00.0015	0000.101
-00.3032	-00.0021	0000.102
-00.3063	-00.0021	0000.103
-00.3096	-00.0021	0000.104
-00.3124	-00.0021	0000.105
-00.3154	-00.0018	0000.106
-00.3182	-00.0018	0000.107
-00.3212	-00.0024	0000.108
-00.3246	-00.0018	0000.109
-00.3273	-00.0021	0000.110
-00.3307	-00.0018	0000.111
-00.3334	-00.0021	0000.112
-00.3362	-00.0015	0000.113
-00.3389	-00.0021	0000.114
-00.3426	-00.0024	0000.115
-00.3453	-00.0021	0000.116
-00.3481	-00.0021	0000.117
-00.3514	-00.0021	0000.118
-00.3536	-00.0021	0000.119
-00.3572	-00.0024	0000.120
-00.3603	-00.0021	0000.121
-00.3634	-00.0021	0000.122
-00.3664	-00.0018	0000.123
-00.3698	-00.0018	0000.124
-00.3722	-00.0021	0000.125
-00.3753	-00.0024	0000.126
-00.3783	-00.0021	0000.127
-00.3817	-00.0021	0000.128
-00.3847	-00.0021	0000.129
-00.3878	-00.0018	0000.130
-00.3905	-00.0021	0000.131
-00.3930	-00.0021	0000.132
-00.3966	-00.0021	0000.133
-00.4000	-00.0021	0000.134
-00.4027	-00.0021	0000.135
-00.4058	-00.0018	0000.136
-00.4082	-00.0018	0000.137
-00.4122	-00.0027	0000.138
-00.4143	-00.0018	0000.139
-00.4174	-00.0018	0000.140
-00.4204	-00.0018	0000.141
-00.4235	-00.0021	0000.142
-00.4259	-00.0021	0000.143
-00.4296	-00.0021	0000.144
-00.4326	-00.0021	0000.145
-00.4357	-00.0021	0000.146
-00.4387	-00.0021	0000.147
-00.4415	-00.0021	0000.148
-00.4442	-00.0018	0000.149
-00.4476	-00.0027	0000.150
-00.4506	-00.0021	0000.151
-00.4537	-00.0021	0000.152
-00.4570	-00.0024	0000.153
-00.4595	-00.0021	0000.154
-00.4625	-00.0021	0000.155
-00.4656	-00.0033	0000.156
-00.4686	-00.0024	0000.157
-00.4717	-00.0027	0000.158
-00.4747	-00.0021	0000.159
-00.4775	-00.0024	0000.160
-00.4802	-00.0021	0000.161
-00.4833	-00.0024	0000.162
-00.4863	-00.0024	0000.163
-00.4897	-00.0024	0000.164
-00.4927	-00.0027	0000.165
-00.4955	-00.0021	0000.166
-00.4985	-00.0024	0000.167
-00.5016	-00.0027	0000.168
-00.5046	-00.0024	0000.169
-00.5077	-00.0021	0000.170
-00.5104	-00.0027	0000.171
-00.5138	-00.0024	0000.172
-00.5162	-00.0021	0000.173
-00.5190	-00.0024	0000.174
-00.5227	-00.0027	0000.175
-00.5254	-00.0027	0000.176
-00.5294	-00.0027	0000.177
-00.5315	-00.0024	0000.178
-00.5342	-00.0030	0000.179
-00.5376	-00.0024	0000.180
-00.5407	-00.0024	0000.181
-00.5437	-00.0024	0000.182
-00.5474	-00.0024	0000.183
-00.5495	-00.0027	0000.184
-00.5526	-00.0027	0000.185
-00.5559	-00.0027	0000.186
-00.5587	-00.0027	0000.187
-00.5617	-00.0027	0000.188
-00.5651	-00.0033	0000.189
-00.5675	-00.0024	0000.190
-00.5706	-00.0024	0000.191
-00.5736	-00.0027	0000.192
-00.5764	-00.0027	0000.193
-00.5800	-00.0027	0000.194
-00.5828	-00.0027	0000.195
-00.5858	-00.0027	0000.196
-00.5886	-00.0024	0000.197
-00.5922	-00.0033	0000.198
-00.5950	-00.0027	0000.199
-00.5977	-00.0024	0000.200
-00.6011	-00.0027	0000.201
-00.6035	-00.0027	0000.202
-00.6066	-00.0027	0000.203
-00.6099	-00.0027	0000.204
-00.6127	-00.0027	0000.205
-00.6157	-00.0033	0000.206
-00.6188	-00.0027	0000.207
-00.6215	-00.0024	0000.208
-00.6246	-00.0030	0000.209
-00.6276	-00.0021	0000.210
-00.6307	-00.0027	0000.211
-00.6340	-00.0030	0000.212
-00.6368	-00.0027	0000.213
-00.6401	-00.0027	0000.214
-00.6426	-00.0033	0000.215
-00.6456	-00.0027	0000.216
-00.6487	-00.0027	0000.217
-00.6517	-00.0030	0000.218
-00.6548	-00.0024	0000.219
-00.6572	-00.0033	0000.220
-00.6606	-00.0033	0000.221
-00.6639	-00.0030	0000.222
-00.6667	-00.0030	0000.223
-00.6704	-00.0033	0000.224
-00.6731	-00.0027	0000.225
-00.6759	-00.0030	0000.226
-00.6783	-00.0030	0000.227
-00.6826	-00.0027	0000.228
-00.6850	-00.0030	0000.229
-00.6881	-00.0030	0000.230
-00.6905	-00.0033	0000.231
-00.6939	-00.0030	0000.232
-00.6969	-00.0033	0000.233
-00.6997	-00.0033	0000.234
-00.7033	-00.0027	0000.235
-00.7058	-00.0030	0000.236
-00.7085	-00.0030	0000.237
-00.7116	-00.0033	0000.238
-00.7149	-00.0030	0000.239
-00.7180	-00.0033	0000.240
-00.7207	-00.0033	0000.241
-00.7241	-00.0033	0000.242
-00.7271	-00.0033	0000.243
-00.7296	-00.0033	0000.244
-00.7326	-00.0033	0000.245
-00.7360	-00.0033	0000.246
-00.7387	-00.0033	0000.247
-00.7421	-00.0033	0000.248
-00.7445	-00.0033	0000.249
-00.7485	-00.0027	0000.250
-00.7509	-00.0033	0000.251
-00.7543	-00.0036	0000.252
-00.7570	-00.0039	0000.253
-00.7598	-00.0033	0000.254
-00.7628	-00.0027	0000.255
-00.7656	-00.0033	0000.256
-00.7686	-00.0036	0000.257
-00.7723	-00.0033	0000.258
-00.7753	-00.0033	0000.259
-00.7781	-00.0036	0000.260
-00.7808	-00.0036	0000.261
-00.7836	-00.0036	0000.262
-00.7869	-00.0033	0000.263
-00.7900	-00.0036	0000.264
-00.7930	-00.0036	0000.265
-00.7958	-00.0039	0000.266
-00.7982	-00.0033	0000.267
-00.8016	-00.0033	0000.268
-00.8049	-00.0033	0000.269
-00.8080	-00.0036	0000.270
-00.8107	-00.0039	0000.271
-00.8144	-00.0036	0000.272
-00.8165	-00.0036	0000.273
-00.8199	-00.0039	0000.274
-00.8233	-00.0033	0000.275
-00.8260	-00.0036	0000.276
-00.8290	-00.0036	0000.277
-00.8318	-00.0036	0000.278
-00.8348	-00.0033	0000.279
-00.8379	-00.0036	0000.280
-00.8410	-00.0036	0000.281
-00.8434	-00.0036	0000.282
-00.8474	-00.0036	0000.283
-00.8501	-00.0036	0000.284
-00.8532	-00.0039	0000.285
-00.8562	-00.0039	0000.286
-00.8593	-00.0036	0000.287
-00.8620	-00.0039	0000.288
-00.8654	-00.0036	0000.289
-00.8681	-00.0039	0000.290
-00.8712	-00.0039	0000.291
-00.8739	-00.0036	0000.292
-00.8770	-00.0039	0000.293
-00.8797	-00.0036	0000.294
-00.8834	-00.0039	0000.295
-00.8858	-00.0039	0000.296
-00.8889	-00.0039	0000.297
-00.8925	-00.0042	0000.298
-00.8950	-00.0039	0000.299
-00.8983	-00.0036	0000.300
-00.9011	-00.0036	0000.301
-00.9041	-00.0045	0000.302
-00.9069	-00.0042	0000.303
-00.9102	-00.0042	0000.304
-00.9130	-00.0039	0000.305
-00.9160	-00.0036	0000.306
-00.9197	-00.0039	0000.307
-00.9221	-00.0042	0000.308
-00.9252	-00.0036	0000.309
-00.9282	-00.0042	0000.310
-00.9313	-00.0039	0000.311
-00.9343	-00.0039	0000.312
-00.9371	-00.0039	0000.313
-00.9401	-00.0045	0000.314
-00.9432	-00.0042	0000.315
-00.9465	-00.0036	0000.316
-00.9490	-00.0039	0000.317
-00.9523	-00.0039	0000.318
-00.9554	-00.0036	0000.319
-00.9581	-00.0039	0000.320
-00.9618	-00.0045	0000.321
-00.9642	-00.0042	0000.322
-00.9670	-00.0042	0000.323
-00.9703	-00.0042	0000.324
-00.9731	-00.0039	0000.325
-00.9764	-00.0039	0000.326
-00.9792	-00.0036	0000.327
-00.9822	-00.0042	0000.328
-00.9853	-00.0042	0000.329
-00.9887	-00.0039	0000.330
-00.9911	-00.0045	0000.331
-00.9938	-00.0039	0000.332
-00.9972	-00.0042	0000.333
-00.9999	-00.0045	0000.334
-01.0030	-00.0042	0000.335
-01.0067	-00.0045	0000.336
-01.0094	-00.0042	0000.337
-01.0122	-00.0045	0000.338
-01.0152	-00.0042	0000.339
-01.0180	-00.0045	0000.340
-01.0213	-00.0042	0000.341
-01.0250	-00.0042	0000.342
-01.0268	-00.0045	0000.343
-01.0305	-00.0045	0000.344
-01.0332	-00.0042	0000.345
-01.0366	-00.0045	0000.346
-01.0393	-00.0039	0000.347
-01.0427	-00.0048	0000.348
-01.0451	-00.0042	0000.349
-01.0485	-00.0045	0000.350
-01.0512	-00.0045	0000.351
-01.0546	-00.0042	0000.352
-01.0573	-00.0042	0000.353
-01.0607	-00.0048	0000.354
-01.0634	-00.0048	0000.355
-01.0662	-00.0045	0000.356
-01.0692	-00.0045	0000.357
-01.0717	-00.0048	0000.358
-01.0756	-00.0045	0000.359
-01.0784	-00.0045	0000.360
-01.0814	-00.0048	0000.361
-01.0842	-00.0048	0000.362
-01.0872	-00.0048	0000.363
-01.0906	-00.0045	0000.364
-01.0936	-00.0045	0000.365
-01.0955	-00.0048	0000.366
-01.0994	-00.0048	0000.367
-01.1028	-00.0048	0000.368
-01.1055	-00.0042	0000.369
-01.1086	-00.0052	0000.370
-01.1116	-00.0045	0000.371
-01.1144	-00.0042	0000.372
-01.1168	-00.0045	0000.373
-01.1202	-00.0048	0000.374
-01.1235	-00.0045	0000.375
-01.1260	-00.0045	0000.376
-01.1296	-00.0045	0000.377
-01.1324	-00.0048	0000.378
-01.1354	-00.0048	0000.379
-01.1379	-00.0045	0000.380
-01.1415	-00.0048	0000.381
-01.1446	-00.0048	0000.382
-01.1473	-00.0052	0000.383
-01.1501	-00.0052	0000.384
-01.1531	-00.0052	0000.385
-01.1559	-00.0048	0000.386
-01.1592	-00.0048	0000.387
-01.1626	-00.0052	0000.388
-01.1657	-00.0045	0000.389
-01.1687	-00.0048	0000.390
-01.1712	-00.0045	0000.391
-01.1739	-00.0052	0000.392
-01.1773	-00.0048	0000.393
-01.1803	-00.0045	0000.394
-01.1837	-00.0052	0000.395
-01.1864	-00.0052	0000.396
-01.1898	-00.0052	0000.397
-01.1925	-00.0052	0000.398
-01.1956	-00.0052	0000.399
-01.1983	-00.0048	0000.400
-01.2017	-00.0052	0000.401
-01.2044	-00.0045	0000.402
-01.2072	-00.0045	0000.403
-01.2105	-00.0052	0000.404
-01.2136	-00.0052	0000.405
-01.2166	-00.0052	0000.406
-01.2197	-00.0055	0000.407
-01.2221	-00.0052	0000.408
-01.2252	-00.0052	0000.409
-01.2285	-00.0052	0000.410
-01.2313	-00.0052	0000.411
-01.2346	-00.0052	0000.412
-01.2365	-00.0052	0000.413
-01.2401	-00.0048	0000.414
-01.2435	-00.0048	0000.415
-01.2471	-00.0055	0000.416
-01.2502	-00.0052	0000.417
-01.2523	-00.0052	0000.418
-01.2554	-00.0055	0000.419
-01.2581	-00.0055	0000.420
-01.2618	-00.0058	0000.421
-01.2648	-00.0048	0000.422
-01.2673	-00.0058	0000.423
-01.2706	-00.0055	0000.424
-01.2737	-00.0048	0000.425
-01.2764	-00.0055	0000.426
-01.2795	-00.0055	0000.427
-01.2825	-00.0058	0000.428
-01.2856	-00.0052	0000.429
-01.2886	-00.0052	0000.430
-01.2917	-00.0052	0000.431
-01.2947	-00.0055	0000.432
-01.2978	-00.0055	0000.433
-01.3009	-00.0058	0000.434
-01.3039	-00.0055	0000.435
-01.3066	-00.0052	0000.436
-01.3097	-00.0058	0000.437
-01.3128	-00.0055	0000.438
-01.3158	-00.0055	0000.439
-01.3189	-00.0055	0000.440
-01.3216	-00.0058	0000.441
-01.3250	-00.0058	0000.442
-01.3277	-00.0052	0000.443
-01.3308	-00.0058	0000.444
-01.3335	-00.0058	0000.445
-01.3369	-00.0058	0000.446
-01.3399	-00.0052	0000.447
-01.3427	-00.0058	0000.448
-01.3460	-00.0058	0000.449
-01.3485	-00.0055	0000.450
-01.3518	-00.0055	0000.451
-01.3552	-00.0061	0000.452
-01.3576	-00.0058	0000.453
-01.3601	-00.0055	0000.454
-01.3640	-00.0058	0000.455
-01.3668	-00.0058	0000.456
-01.3701	-00.0058	0000.457
-01.3729	-00.0058	0000.458
-01.3756	-00.0061	0000.459
-01.3790	-00.0058	0000.460
-01.3817	-00.0061	0000.461
-01.3848	-00.0058	0000.462
-01.3878	-00.0058	0000.463
-01.3912	-00.0061	0000.464
-01.3939	-00.0055	0000.465
-01.3967	-00.0061	0000.466
-01.3997	-00.0058	0000.467
-01.4028	-00.0061	0000.468
-01.4058	-00.0061	0000.469
-01.4092	-00.0061	0000.470
-01.4113	-00.0058	0000.471
-01.4150	-00.0058	0000.472
-01.4174	-00.0058	0000.473
-01.4205	-00.0058	0000.474
-01.4241	-00.0058	0000.475
-01.4266	-00.0058	0000.476
-01.4299	-00.0061	0000.477
-01.4333	-00.0061	0000.478
-01.4357	-00.0064	0000.479
-01.4391	-00.0058	0000.480
-01.4421	-00.0064	0000.481
-01.4449	-00.0058	0000.482
-01.4476	-00.0064	0000.483
-01.4510	-00.0064	0000.484
-01.4537	-00.0061	0000.485
-01.4571	-00.0064	0000.486
-01.4602	-00.0058	0000.487
-01.4629	-00.0061	0000.488
-01.4653	-00.0061	0000.489
-01.4687	-00.0048	0000.490
-01.4721	-00.0064	0000.491
-01.4748	-00.0064	0000.492
-01.4779	-00.0061	0000.493
-01.4809	-00.0064	0000.494
-01.4840	-00.0064	0000.495
-01.4867	-00.0064	0000.496
-01.4898	-00.0064	0000.497
-01.4931	-00.0064	0000.498
-01.4959	-00.0067	0000.499
-01.4992	-00.0064	0000.500
-01.5020	-00.0061	0000.501
-01.5047	-00.0067	0000.502
-01.5078	-00.0067	0000.503
-01.5111	-00.0064	0000.504
-01.5139	-00.0064	0000.505
-01.5172	-00.0064	0000.506
-01.5200	-00.0067	0000.507
-01.5227	-00.0064	0000.508
-01.5261	-00.0067	0000.509
-01.5294	-00.0064	0000.510
-01.5319	-00.0064	0000.511
-01.5349	-00.0064	0000.512
-01.5383	-00.0067	0000.513
-01.5413	-00.0067	0000.514
-01.5444	-00.0067	0000.515
-01.5471	-00.0064	0000.516
-01.5502	-00.0064	0000.517
-01.5529	-00.0067	0000.518
-01.5560	-00.0067	0000.519
-01.5587	-00.0070	0000.520
-01.5624	-00.0067	0000.521
-01.5651	-00.0064	0000.522
-01.5682	-00.0064	0000.523
-01.5715	-00.0067	0000.524
-01.5740	-00.0070	0000.525
-01.5773	-00.0067	0000.526
-01.5798	-00.0064	0000.527
-01.5837	-00.0067	0000.528
-01.5859	-00.0067	0000.529
-01.5892	-00.0064	0000.530
-01.5914	-00.0070	0000.531
-01.5950	-00.0064	0000.532
-01.5984	-00.0067	0000.533
-01.6014	-00.0067	0000.534
-01.6042	-00.0067	0000.535
-01.6072	-00.0070	0000.536
-01.6103	-00.0073	0000.537
-01.6130	-00.0067	0000.538
-01.6161	-00.0070	0000.539
-01.6195	-00.0067	0000.540
-01.6225	-00.0073	0000.541
-01.6259	-00.0070	0000.542
-01.6283	-00.0070	0000.543
-01.6314	-00.0070	0000.544
-01.6344	-00.0070	0000.545
-01.6372	-00.0070	0000.546
-01.6405	-00.0070	0000.547
-01.6436	-00.0070	0000.548
-01.6460	-00.0070	0000.549
-01.6491	-00.0067	0000.550
-01.6521	-00.0073	0000.551
-01.6549	-00.0070	0000.552
-01.6588	-00.0067	0000.553
-01.6613	-00.0073	0000.554
-01.6646	-00.0073	0000.555
-01.6674	-00.0073	0000.556
-01.6704	-00.0067	0000.557
-01.6732	-00.0070	0000.558
-01.6765	-00.0073	0000.559
-01.6790	-00.0070	0000.560
-01.6823	-00.0076	0000.561
-01.6851	-00.0073	0000.562
-01.6884	-00.0073	0000.563
-01.6915	-00.0073	0000.564
-01.6948	-00.0070	0000.565
-01.6973	-00.0070	0000.566
-01.7003	-00.0073	0000.567
-01.7034	-00.0073	0000.568
-01.7064	-00.0070	0000.569
-01.7092	-00.0070	0000.570
-01.7128	-00.0073	0000.571
-01.7153	-00.0070	0000.572
-01.7183	-00.0073	0000.573
-01.7211	-00.0076	0000.574
-01.7241	-00.0076	0000.575
-01.7269	-00.0073	0000.576
-01.7299	-00.0073	0000.577
-01.7336	-00.0073	0000.578
-01.7357	-00.0073	0000.579
-01.7391	-00.0076	0000.580
-01.7421	-00.0073	0000.581
-01.7452	-00.0079	0000.582
-01.7485	-00.0076	0000.583
-01.7513	-00.0079	0000.584
-01.7543	-00.0073	0000.585
-01.7571	-00.0079	0000.586
-01.7604	-00.0076	0000.587
-01.7635	-00.0076	0000.588
-01.7672	-00.0073	0000.589
-01.7693	-00.0073	0000.590
-01.7720	-00.0076	0000.591
-01.7754	-00.0073	0000.592
-01.7785	-00.0073	0000.593
-01.7812	-00.0079	0000.594
-01.7839	-00.0076	0000.595
-01.7873	-00.0079	0000.596
-01.7904	-00.0076	0000.597
-01.7928	-00.0076	0000.598
-01.7968	-00.0076	0000.599
-01.7992	-00.0073	0000.600
-01.8026	-00.0082	0000.601
-01.8056	-00.0082	0000.602
-01.8081	-00.0079	0000.603
-01.8117	-00.0082	0000.604
-01.8145	-00.0082	0000.605
-01.8175	-00.0076	0000.606
-01.8209	-00.0073	0000.607
-01.8233	-00.0079	0000.608
-01.8267	-00.0082	0000.609
-01.8297	-00.0076	0000.610
-01.8325	-00.0079	0000.611
-01.8355	-00.0082	0000.612
-01.8383	-00.0079	0000.613
-01.8416	-00.0079	0000.614
-01.8447	-00.0082	0000.615
-01.8477	-00.0079	0000.616
-01.8502	-00.0079	0000.617
-01.8535	-00.0079	0000.618
-01.8566	-00.0076	0000.619
-01.8593	-00.0076	0000.620
-01.8624	-00.0076	0000.621
-01.8657	-00.0079	0000.622
-01.8685	-00.0085	0000.623
-01.8715	-00.0082	0000.624
-01.8746	-00.0079	0000.625
-01.8770	-00.0079	0000.626
-01.8807	-00.0079	0000.627
-01.8837	-00.0082	0000.628
-01.8868	-00.0082	0000.629
-01.8895	-00.0076	0000.630
-01.8926	-00.0079	0000.631
-01.8950	-00.0076	0000.632
-01.8987	-00.0079	0000.633
-01.9017	-00.0082	0000.634
-01.9048	-00.0085	0000.635
-01.9078	-00.0082	0000.636
-01.9103	-00.0082	0000.637
-01.9136	-00.0082	0000.638
-01.9164	-00.0082	0000.639
-01.9194	-00.0082	0000.640
-01.9225	-00.0079	0000.641
-01.9259	-00.0082	0000.642
-01.9280	-00.0085	0000.643
-01.9313	-00.0082	0000.644
-01.9350	-00.0088	0000.645
-01.9381	-00.0082	0000.646
-01.9411	-00.0079	0000.647
-01.9442	-00.0082	0000.648
-01.9466	-00.0085	0000.649
-01.9500	-00.0082	0000.650
-01.9527	-00.0085	0000.651
-01.9551	-00.0085	0000.652
-01.9591	-00.0079	0000.653
-01.9619	-00.0085	0000.654
-01.9646	-00.0082	0000.655
-01.9674	-00.0085	0000.656
-01.9707	-00.0079	0000.657
-01.9735	-00.0088	0000.658
-01.9768	-00.0085	0000.659
-01.9796	-00.0088	0000.660
-01.9826	-00.0085	0000.661
-01.9863	-00.0082	0000.662
-01.9887	-00.0088	0000.663
-01.9915	-00.0085	0000.664
-01.9951	-00.0088	0000.665
-01.9973	-00.0085	0000.666
-02.0009	-00.0085	0000.667
-02.0040	-00.0088	0000.668
-02.0070	-00.0088	0000.669
-02.0098	-00.0088	0000.670
-02.0125	-00.0088	0000.671
-02.0159	-00.0085	0000.672
-02.0186	-00.0091	0000.673
-02.0217	-00.0088	0000.674
-02.0244	-00.0085	0000.675
-02.0278	-00.0088	0000.676
-02.0302	-00.0088	0000.677
-02.0336	-00.0088	0000.678
-02.0366	-00.0088	0000.679
-02.0400	-00.0091	0000.680
-02.0427	-00.0088	0000.681
-02.0458	-00.0085	0000.682
-02.0488	-00.0088	0000.683
-02.0516	-00.0088	0000.684
-02.0546	-00.0091	0000.685
-02.0577	-00.0088	0000.686
-02.0613	-00.0088	0000.687
-02.0638	-00.0088	0000.688
-02.0668	-00.0088	0000.689
-02.0696	-00.0091	0000.690
-02.0726	-00.0088	0000.691
-02.0760	-00.0091	0000.692
-02.0790	-00.0094	0000.693
-02.0818	-00.0094	0000.694
-02.0852	-00.0094	0000.695
-02.0876	-00.0088	0000.696
-02.0906	-00.0091	0000.697
-02.0937	-00.0094	0000.698
-02.0967	-00.0091	0000.699
-02.1001	-00.0091	0000.700
-02.1029	-00.0091	0000.701
-02.1053	-00.0091	0000.702
-02.1087	-00.0088	0000.703
-02.1117	-00.0091	0000.704
-02.1144	-00.0088	0000.705
-02.1178	-00.0088	0000.706
-02.1202	-00.0094	0000.707
-02.1242	-00.0085	0000.708
-02.1273	-00.0094	0000.709
-02.1303	-00.0094	0000.710
-02.1328	-00.0091	0000.711
-02.1361	-00.0091	0000.712
-02.1389	-00.0091	0000.713
-02.1419	-00.0094	0000.714
-02.1453	-00.0094	0000.715
-02.1480	-00.0094	0000.716
-02.1514	-00.0088	0000.717
-02.1535	-00.0097	0000.718
-02.1569	-00.0094	0000.719
-02.1596	-00.0094	0000.720
-02.1624	-00.0094	0000.721
-02.1660	-00.0094	0000.722
-02.1697	-00.0094	0000.723
-02.1721	-00.0091	0000.724
-02.1749	-00.0094	0000.725
-02.1779	-00.0091	0000.726
-02.1810	-00.0094	0000.727
-02.1840	-00.0094	0000.728
-02.1874	-00.0100	0000.729
-02.1898	-00.0094	0000.730
-02.1926	-00.0094	0000.731
-02.1959	-00.0097	0000.732
-02.1993	-00.0097	0000.733
-02.2020	-00.0097	0000.734
-02.2048	-00.0094	0000.735
-02.2081	-00.0100	0000.736
-02.2112	-00.0094	0000.737
-02.2139	-00.0097	0000.738
-02.2164	-00.0100	0000.739
-02.2203	-00.0097	0000.740
-02.2231	-00.0100	0000.741
-02.2261	-00.0097	0000.742
-02.2289	-00.0094	0000.743
-02.2319	-00.0097	0000.744
-02.2350	-00.0100	0000.745
-02.2380	-00.0097	0000.746
-02.2414	-00.0100	0000.747
-02.2441	-00.0100	0000.748
-02.2475	-00.0097	0000.749
-02.2499	-00.0097	0000.750
-02.2530	-00.0100	0000.751
-02.2561	-00.0097	0000.752
-02.2591	-00.0100	0000.753
-02.2622	-00.0100	0000.754
-02.2652	-00.0094	0000.755
-02.2683	-00.0097	0000.756
-02.2713	-00.0103	0000.757
-02.2741	-00.0100	0000.758
-02.2771	-00.0097	0000.759
-02.2799	-00.0106	0000.760
-02.2835	-00.0097	0000.761
-02.2860	-00.0100	0000.762
-02.2893	-00.0103	0000.763
-02.2918	-00.0100	0000.764
-02.2948	-00.0100	0000.765
-02.2982	-00.0097	0000.766
-02.3009	-00.0103	0000.767
-02.3043	-00.0103	0000.768
-02.3070	-00.0100	0000.769
-02.3104	-00.0097	0000.770
-02.3134	-00.0100	0000.771
-02.3159	-00.0100	0000.772
-02.3195	-00.0103	0000.773
-02.3223	-00.0103	0000.774
-02.3250	-00.0103	0000.775
-02.3281	-00.0106	0000.776
-02.3314	-00.0103	0000.777
-02.3348	-00.0103	0000.778
-02.3369	-00.0103	0000.779
-02.3400	-00.0103	0000.780
-02.3436	-00.0103	0000.781
-02.3461	-00.0106	0000.782
-02.3491	-00.0100	0000.783
-02.3522	-00.0103	0000.784
-02.3549	-00.0106	0000.785
-02.3580	-00.0103	0000.786
-02.3610	-00.0103	0000.787
-02.3647	-00.0106	0000.788
-02.3674	-00.0103	0000.789
-02.3699	-00.0100	0000.790
-02.3732	-00.0103	0000.791
-02.3763	-00.0103	0000.792
-02.3796	-00.0103	0000.793
-02.3824	-00.0103	0000.794
-02.3851	-00.0103	0000.795
-02.3888	-00.0103	0000.796
-02.3906	-00.0106	0000.797
-02.3943	-00.0109	0000.798
-02.3973	-00.0103	0000.799
-02.4004	-00.0109	0000.800
-02.4035	-00.0100	0000.801
-02.4059	-00.0106	0000.802
-02.4096	-00.0106	0000.803
-02.4123	-00.0106	0000.804
-02.4150	-00.0106	0000.805
-02.4187	-00.0109	0000.806
-02.4212	-00.0100	0000.807
-02.4239	-00.0103	0000.808
-02.4273	-00.0106	0000.809
-02.4303	-00.0109	0000.810
-02.4334	-00.0106	0000.811
-02.4358	-00.0109	0000.812
-02.4392	-00.0109	0000.813
-02.4422	-00.0106	0000.814
-02.4453	-00.0113	0000.815
-02.4483	-00.0106	0000.816
-02.4511	-00.0109	0000.817
-02.4547	-00.0113	0000.818
-02.4572	-00.0109	0000.819
-02.4596	-00.0109	0000.820
-02.4633	-00.0109	0000.821
-02.4666	-00.0113	0000.822
-02.4694	-00.0113	0000.823
-02.4718	-00.0106	0000.824
-02.4749	-00.0113	0000.825
-02.4782	-00.0109	0000.826
-02.4819	-00.0109	0000.827
-02.4840	-00.0113	0000.828
-02.4874	-00.0113	0000.829
-02.4904	-00.0113	0000.830
-02.4935	-00.0106	0000.831
-02.4959	-00.0109	0000.832
-02.4996	-00.0116	0000.833
-02.5023	-00.0109	0000.834
-02.5054	-00.0113	0000.835
-02.5087	-00.0109	0000.836
-02.5115	-00.0109	0000.837
-02.5142	-00.0113	0000.838
-02.5173	-00.0113	0000.839
-02.5206	-00.0109	0000.840
-02.5237	-00.0113	0000.841
-02.5267	-00.0116	0000.842
-02.5289	-00.0116	0000.843
-02.5328	-00.0119	0000.844
-02.5356	-00.0113	0000.845
-02.5383	-00.0116	0000.846
-02.5414	-00.0113	0000.847
-02.5441	-00.0113	0000.848
-02.5469	-00.0116	0000.849
-02.5502	-00.0116	0000.850
-02.5536	-00.0113	0000.851
-02.5566	-00.0113	0000.852
-02.5600	-00.0116	0000.853
-02.5624	-00.0113	0000.854
-02.5652	-00.0113	0000.855
-02.5682	-00.0116	0000.856
-02.5716	-00.0119	0000.857
-02.5743	-00.0116	0000.858
-02.5780	-00.0119	0000.859
-02.5801	-00.0113	0000.860
-02.5835	-00.0119	0000.861
-02.5863	-00.0113	0000.862
-02.5896	-00.0116	0000.863
-02.5924	-00.0119	0000.864
-02.5957	-00.0119	0000.865
-02.5985	-00.0116	0000.866
-02.6015	-00.0122	0000.867
-02.6049	-00.0116	0000.868
-02.6076	-00.0119	0000.869
-02.6110	-00.0113	0000.870
-02.6140	-00.0116	0000.871
-02.6162	-00.0116	0000.872
-02.6198	-00.0122	0000.873
-02.6223	-00.0119	0000.874
-02.6253	-00.0122	0000.875
-02.6284	-00.0116	0000.876
-02.6329	-00.0116	0000.877
-02.6348	-00.0116	0000.878
-02.6375	-00.0119	0000.879
-02.6403	-00.0119	0000.880
-02.6430	-00.0119	0000.881
-02.6470	-00.0116	0000.882
-02.6497	-00.0125	0000.883
-02.6534	-00.0122	0000.884
-02.6555	-00.0119	0000.885
-02.6589	-00.0119	0000.886
-02.6613	-00.0119	0000.887
-02.6644	-00.0119	0000.888
-02.6674	-00.0122	0000.889
-02.6705	-00.0113	0000.890
-02.6735	-00.0122	0000.891
-02.6766	-00.0119	0000.892
-02.6793	-00.0119	0000.893
-02.6827	-00.0119	0000.894
-02.6857	-00.0122	0000.895
-02.6885	-00.0119	0000.896
-02.6918	-00.0122	0000.897
-02.6943	-00.0122	0000.898
-02.6973	-00.0122	0000.899
-02.7004	-00.0122	0000.900
-02.7037	-00.0122	0000.901
-02.7071	-00.0122	0000.902
-02.7092	-00.0125	0000.903
-02.7129	-00.0122	0000.904
-02.7156	-00.0122	0000.905
-02.7190	-00.0125	0000.906
-02.7211	-00.0125	0000.907
-02.7242	-00.0122	0000.908
-02.7275	-00.0122	0000.909
-02.7309	-00.0125	0000.910
-02.7340	-00.0128	0000.911
-02.7370	-00.0125	0000.912
-02.7398	-00.0122	0000.913
-02.7425	-00.0125	0000.914
-02.7459	-00.0128	0000.915
-02.7483	-00.0125	0000.916
-02.7520	-00.0128	0000.917
-02.7547	-00.0125	0000.918
-02.7575	-00.0125	0000.919
-02.7608	-00.0125	0000.920
-02.7633	-00.0125	0000.921
-02.7666	-00.0125	0000.922
-02.7706	-00.0131	0000.923
-02.7733	-00.0122	0000.924
-02.7761	-00.0131	0000.925
-02.7785	-00.0128	0000.926
-02.7813	-00.0125	0000.927
-02.7849	-00.0125	0000.928
-02.7874	-00.0125	0000.929
-02.7904	-00.0125	0000.930
-02.7938	-00.0128	0000.931
-02.7965	-00.0131	0000.932
-02.8002	-00.0131	0000.933
-02.8020	-00.0128	0000.934
-02.8063	-00.0125	0000.935
-02.8090	-00.0128	0000.936
-02.8118	-00.0128	0000.937
-02.8151	-00.0128	0000.938
-02.8179	-00.0128	0000.939
-02.8212	-00.0131	0000.940
-02.8240	-00.0131	0000.941
-02.8267	-00.0128	0000.942
-02.8298	-00.0131	0000.943
-02.8328	-00.0128	0000.944
-02.8359	-00.0128	0000.945
-02.8389	-00.0131	0000.946
-02.8420	-00.0134	0000.947
-02.8457	-00.0131	0000.948
-02.8478	-00.0131	0000.949
-02.8505	-00.0131	0000.950
-02.8536	-00.0131	0000.951
-02.8569	-00.0131	0000.952
-02.8594	-00.0131	0000.953
-02.8630	-00.0131	0000.954
-02.8655	-00.0131	0000.955
-02.8688	-00.0131	0000.956
-02.8716	-00.0134	0000.957
-02.8749	-00.0134	0000.958
-02.8777	-00.0134	0000.959
-02.8811	-00.0134	0000.960
-02.8838	-00.0131	0000.961
-02.8868	-00.0134	0000.962
-02.8899	-00.0134	0000.963
-02.8926	-00.0134	0000.964
-02.8957	-00.0134	0000.965
-02.8988	-00.0134	0000.966
-02.9021	-00.0131	0000.967
-02.9049	-00.0131	0000.968
-02.9076	-00.0134	0000.969
-02.9110	-00.0140	0000.970
-02.9140	-00.0134	0000.971
-02.9171	-00.0131	0000.972
-02.9198	-00.0134	0000.973
-02.9229	-00.0134	0000.974
-02.9253	-00.0131	0000.975
-02.9290	-00.0137	0000.976
-02.9320	-00.0134	0000.977
-02.9351	-00.0137	0000.978
-02.9375	-00.0137	0000.979
-02.9412	-00.0137	0000.980
-02.9436	-00.0137	0000.981
-02.9467	-00.0137	0000.982
-02.9494	-00.0137	0000.983
-02.9531	-00.0137	0000.984
-02.9555	-00.0137	0000.985
-02.9589	-00.0134	0000.986
-02.9622	-00.0140	0000.987
-02.9647	-00.0143	0000.988
-02.9686	-00.0137	0000.989
-02.9705	-00.0137	0000.990
-02.9738	-00.0137	0000.991
-02.9772	-00.0137	0000.992
-02.9796	-00.0137	0000.993
-02.9833	-00.0137	0000.994
-02.9857	-00.0137	0000.995
-02.9888	-00.0140	0000.996
-02.9915	-00.0140	0000.997
-02.9949	-00.0140	0000.998
-02.9976	-00.0137	0000.999
-03.0010	-00.0140	0001.000
-03.0037	-00.0140	0001.001
-03.0013	-00.0140	0001.002
-02.9979	-00.0137	0001.003
-02.9949	-00.0137	0001.004
-02.9924	-00.0140	0001.005
-02.9891	-00.0137	0001.006
-02.9866	-00.0137	0001.007
-02.9839	-00.0140	0001.008
-02.9799	-00.0143	0001.009
-02.9775	-00.0140	0001.010
-02.9741	-00.0143	0001.011
-02.9714	-00.0140	0001.012
-02.9692	-00.0140	0001.013
-02.9653	-00.0137	0001.014
-02.9625	-00.0140	0001.015
-02.9586	-00.0140	0001.016
-02.9564	-00.0137	0001.017
-02.9537	-00.0146	0001.018
-02.9506	-00.0140	0001.019
-02.9476	-00.0140	0001.020
-02.9442	-00.0137	0001.021
-02.9412	-00.0140	0001.022
-02.9384	-00.0143	0001.023
-02.9357	-00.0140	0001.024
-02.9320	-00.0137	0001.025
-02.9296	-00.0140	0001.026
-02.9262	-00.0140	0001.027
-02.9235	-00.0143	0001.028
-02.9204	-00.0140	0001.029
-02.9174	-00.0140	0001.030
-02.9146	-00.0143	0001.031
-02.9113	-00.0137	0001.032
-02.9085	-00.0143	0001.033
-02.9052	-00.0137	0001.034
-02.9021	-00.0143	0001.035
-02.8994	-00.0134	0001.036
-02.8963	-00.0143	0001.037
-02.8933	-00.0137	0001.038
-02.8902	-00.0137	0001.039
-02.8872	-00.0131	0001.040
-02.8841	-00.0137	0001.041
-02.8807	-00.0140	0001.042
-02.8780	-00.0143	0001.043
-02.8756	-00.0137	0001.044
-02.8722	-00.0140	0001.045
-02.8691	-00.0137	0001.046
-02.8655	-00.0137	0001.047
-02.8630	-00.0140	0001.048
-02.8603	-00.0137	0001.049
-02.8572	-00.0137	0001.050
-02.8539	-00.0137	0001.051
-02.8511	-00.0140	0001.052
-02.8472	-00.0140	0001.053
-02.8453	-00.0140	0001.054
-02.8414	-00.0143	0001.055
-02.8395	-00.0140	0001.056
-02.8362	-00.0137	0001.057
-02.8328	-00.0137	0001.058
-02.8301	-00.0137	0001.059
-02.8270	-00.0143	0001.060
-02.8237	-00.0134	0001.061
-02.8215	-00.0137	0001.062
-02.8182	-00.0137	0001.063
-02.8148	-00.0140	0001.064
-02.8124	-00.0134	0001.065
-02.8096	-00.0140	0001.066
-02.8063	-00.0137	0001.067
-02.8029	-00.0137	0001.068
-02.8002	-00.0137	0001.069
-02.7974	-00.0140	0001.070
-02.7944	-00.0140	0001.071
-02.7907	-00.0140	0001.072
-02.7883	-00.0143	0001.073
-02.7846	-00.0140	0001.074
-02.7822	-00.0134	0001.075
-02.7788	-00.0140	0001.076
-02.7764	-00.0140	0001.077
-02.7730	-00.0137	0001.078
-02.7700	-00.0140	0001.079
-02.7675	-00.0134	0001.080
-02.7636	-00.0137	0001.081
-02.7608	-00.0140	0001.082
-02.7575	-00.0137	0001.083
-02.7550	-00.0137	0001.084
-02.7523	-00.0140	0001.085
-02.7489	-00.0134	0001.086
-02.7456	-00.0140	0001.087
-02.7425	-00.0140	0001.088
-02.7398	-00.0140	0001.089
-02.7376	-00.0140	0001.090
-02.7340	-00.0140	0001.091
-02.7312	-00.0137	0001.092
-02.7279	-00.0137	0001.093
-02.7245	-00.0137	0001.094
-02.7217	-00.0137	0001.095
-02.7190	-00.0137	0001.096
-02.7163	-00.0137	0001.097
-02.7132	-00.0137	0001.098
-02.7095	-00.0137	0001.099
-02.7065	-00.0140	0001.100
-02.7040	-00.0140	0001.101
-02.7007	-00.0134	0001.102
-02.6976	-00.0134	0001.103
-02.6946	-00.0137	0001.104
-02.6921	-00.0137	0001.105
-02.6882	-00.0134	0001.106
-02.6860	-00.0137	0001.107
-02.6833	-00.0137	0001.108
-02.6796	-00.0137	0001.109
-02.6769	-00.0125	0001.110
-02.6741	-00.0137	0001.111
-02.6708	-00.0140	0001.112
-02.6683	-00.0134	0001.113
-02.6644	-00.0140	0001.114
-02.6619	-00.0137	0001.115
-02.6586	-00.0140	0001.116
-02.6555	-00.0137	0001.117
-02.6525	-00.0140	0001.118
-02.6500	-00.0134	0001.119
-02.6473	-00.0137	0001.120
-02.6439	-00.0134	0001.121
-02.6409	-00.0137	0001.122
-02.6378	-00.0134	0001.123
-02.6345	-00.0137	0001.124
-02.6323	-00.0134	0001.125
-02.6287	-00.0137	0001.126
-02.6262	-00.0137	0001.127
-02.6223	-00.0137	0001.128
-02.6195	-00.0137	0001.129
-02.6168	-00.0140	0001.130
-02.6140	-00.0137	0001.131
-02.6110	-00.0137	0001.132
-02.6073	-00.0137	0001.133
-02.6052	-00.0137	0001.134
-02.6021	-00.0137	0001.135
-02.5985	-00.0137	0001.136
-02.5954	-00.0137	0001.137
-02.5930	-00.0137	0001.138
-02.5899	-00.0134	0001.139
-02.5872	-00.0137	0001.140
-02.5838	-00.0137	0001.141
-02.5808	-00.0134	0001.142
-02.5780	-00.0137	0001.143
-02.5747	-00.0137	0001.144
-02.5719	-00.0137	0001.145
-02.5686	-00.0134	0001.146
-02.5655	-00.0137	0001.147
-02.5628	-00.0134	0001.148
-02.5597	-00.0134	0001.149
-02.5566	-00.0137	0001.150
-02.5539	-00.0134	0001.151
-02.5515	-00.0137	0001.152
-02.5478	-00.0134	0001.153
-02.5451	-00.0134	0001.154
-02.5420	-00.0137	0001.155
-02.5393	-00.0134	0001.156
-02.5356	-00.0137	0001.157
-02.5325	-00.0137	0001.158
-02.5298	-00.0134	0001.159
-02.5274	-00.0134	0001.160
-02.5237	-00.0146	0001.161
-02.5209	-00.0137	0001.162
-02.5176	-00.0137	0001.163
-02.5145	-00.0137	0001.164
-02.5115	-00.0134	0001.165
-02.5081	-00.0140	0001.166
-02.5051	-00.0134	0001.167
-02.5026	-00.0137	0001.168
-02.4996	-00.0134	0001.169
-02.4968	-00.0137	0001.170
-02.4938	-00.0140	0001.171
-02.4904	-00.0134	0001.172
-02.4877	-00.0131	0001.173
-02.4858	-00.0134	0001.174
-02.4813	-00.0128	0001.175
-02.4785	-00.0131	0001.176
-02.4755	-00.0134	0001.177
-02.4727	-00.0134	0001.178
-02.4697	-00.0137	0001.179
-02.4669	-00.0134	0001.180
-02.4642	-00.0137	0001.181
-02.4605	-00.0137	0001.182
-02.4572	-00.0134	0001.183
-02.4547	-00.0134	0001.184
-02.4517	-00.0134	0001.185
-02.4483	-00.0137	0001.186
-02.4459	-00.0134	0001.187
-02.4425	-00.0131	0001.188
-02.4392	-00.0134	0001.189
-02.4370	-00.0137	0001.190
-02.4337	-00.0134	0001.191
-02.4306	-00.0134	0001.192
-02.4269	-00.0134	0001.193
-02.4248	-00.0134	0001.194
-02.4218	-00.0131	0001.195
-02.4184	-00.0134	0001.196
-02.4160	-00.0137	0001.197
-02.4120	-00.0131	0001.198
-02.4089	-00.0137	0001.199
-02.4065	-00.0131	0001.200
-02.4031	-00.0134	0001.201
-02.4007	-00.0134	0001.202
-02.3973	-00.0134	0001.203
-02.3943	-00.0137	0001.204
-02.3915	-00.0134	0001.205
-02.3885	-00.0134	0001.206
-02.3861	-00.0134	0001.207
-02.3827	-00.0131	0001.208
-02.3796	-00.0131	0001.209
-02.3766	-00.0128	0001.210
-02.3732	-00.0137	0001.211
-02.3705	-00.0134	0001.212
-02.3674	-00.0134	0001.213
-02.3647	-00.0137	0001.214
-02.3616	-00.0134	0001.215
-02.3583	-00.0137	0001.216
-02.3555	-00.0134	0001.217
-02.3525	-00.0137	0001.218
-02.3497	-00.0134	0001.219
-02.3467	-00.0134	0001.220
-02.3436	-00.0134	0001.221
-02.3406	-00.0128	0001.222
-02.3375	-00.0134	0001.223
-02.3345	-00.0134	0001.224
-02.3314	-00.0131	0001.225
-02.3284	-00.0134	0001.226
-02.3253	-00.0134	0001.227
-02.3220	-00.0134	0001.228
-02.3192	-00.0131	0001.229
-02.3165	-00.0131	0001.230
-02.3134	-00.0131	0001.231
-02.3104	-00.0134	0001.232
-02.3082	-00.0134	0001.233
-02.3046	-00.0137	0001.234
-02.3006	-00.0131	0001.235
-02.2985	-00.0137	0001.236
-02.2951	-00.0134	0001.237
-02.2924	-00.0131	0001.238
-02.2896	-00.0134	0001.239
-02.2866	-00.0134	0001.240
-02.2835	-00.0137	0001.241
-02.2808	-00.0131	0001.242
-02.2768	-00.0131	0001.243
-02.2747	-00.0134	0001.244
-02.2719	-00.0131	0001.245
-02.2686	-00.0134	0001.246
-02.2655	-00.0134	0001.247
-02.2615	-00.0134	0001.248
-02.2597	-00.0128	0001.249
-02.2564	-00.0131	0001.250
-02.2533	-00.0131	0001.251
-02.2503	-00.0134	0001.252
-02.2475	-00.0131	0001.253
-02.2445	-00.0131	0001.254
-02.2414	-00.0131	0001.255
-02.2387	-00.0131	0001.256
-02.2350	-00.0131	0001.257
-02.2322	-00.0131	0001.258
-02.2289	-00.0131	0001.259
-02.2268	-00.0134	0001.260
-02.2231	-00.0131	0001.261
-02.2203	-00.0128	0001.262
-02.2179	-00.0131	0001.263
-02.2139	-00.0131	0001.264
-02.2118	-00.0134	0001.265
-02.2087	-00.0131	0001.266
-02.2054	-00.0131	0001.267
-02.2020	-00.0131	0001.268
-02.1990	-00.0131	0001.269
-02.1965	-00.0128	0001.270
-02.1929	-00.0131	0001.271
-02.1904	-00.0128	0001.272
-02.1871	-00.0131	0001.273
-02.1840	-00.0128	0001.274
-02.1816	-00.0131	0001.275
-02.1782	-00.0131	0001.276
-02.1755	-00.0131	0001.277
-02.1724	-00.0128	0001.278
-02.1694	-00.0131	0001.279
-02.1669	-00.0131	0001.280
-02.1636	-00.0131	0001.281
-02.1605	-00.0128	0001.282
-02.1569	-00.0128	0001.283
-02.1544	-00.0128	0001.284
-02.1511	-00.0128	0001.285
-02.1480	-00.0134	0001.286
-02.1453	-00.0125	0001.287
-02.1416	-00.0128	0001.288
-02.1392	-00.0131	0001.289
-02.1361	-00.0131	0001.290
-02.1328	-00.0131	0001.291
-02.1303	-00.0131	0001.292
-02.1270	-00.0128	0001.293
-02.1239	-00.0134	0001.294
-02.1212	-00.0125	0001.295
-02.1184	-00.0131	0001.296
-02.1151	-00.0131	0001.297
-02.1123	-00.0131	0001.298
-02.1090	-00.0122	0001.299
-02.1062	-00.0131	0001.300
-02.1035	-00.0128	0001.301
-02.1004	-00.0134	0001.302
-02.0974	-00.0131	0001.303
-02.0937	-00.0128	0001.304
-02.0913	-00.0131	0001.305
-02.0879	-00.0128	0001.306
-02.0848	-00.0131	0001.307
-02.0824	-00.0125	0001.308
-02.0790	-00.0125	0001.309
-02.0766	-00.0128	0001.310
-02.0729	-00.0131	0001.311
-02.0702	-00.0125	0001.312
-02.0675	-00.0131	0001.313
-02.0638	-00.0125	0001.314
-02.0613	-00.0131	0001.315
-02.0589	-00.0125	0001.316
-02.0552	-00.0125	0001.317
-02.0522	-00.0131	0001.318
-02.0488	-00.0128	0001.319
-02.0458	-00.0131	0001.320
-02.0430	-00.0125	0001.321
-02.0397	-00.0128	0001.322
-02.0369	-00.0128	0001.323
-02.0345	-00.0131	0001.324
-02.0311	-00.0125	0001.325
-02.0281	-00.0125	0001.326
-02.0250	-00.0128	0001.327
-02.0223	-00.0128	0001.328
-02.0189	-00.0131	0001.329
-02.0162	-00.0125	0001.330
-02.0131	-00.0122	0001.331
-02.0107	-00.0131	0001.332
-02.0073	-00.0125	0001.333
-02.0043	-00.0125	0001.334
-02.0009	-00.0128	0001.335
-01.9979	-00.0125	0001.336
-01.9954	-00.0128	0001.337
-01.9921	-00.0128	0001.338
-01.9887	-00.0131	0001.339
-01.9863	-00.0128	0001.340
-01.9829	-00.0125	0001.341
-01.9802	-00.0125	0001.342
-01.9774	-00.0128	0001.343
-01.9741	-00.0128	0001.344
-01.9713	-00.0125	0001.345
-01.9677	-00.0125	0001.346
-01.9649	-00.0122	0001.347
-01.9622	-00.0125	0001.348
-01.9591	-00.0128	0001.349
-01.9558	-00.0125	0001.350
-01.9530	-00.0125	0001.351
-01.9503	-00.0128	0001.352
-01.9469	-00.0125	0001.353
-01.9439	-00.0125	0001.354
-01.9411	-00.0128	0001.355
-01.9374	-00.0128	0001.356
-01.9347	-00.0125	0001.357
-01.9320	-00.0128	0001.358
-01.9289	-00.0125	0001.359
-01.9262	-00.0125	0001.360
-01.9231	-00.0125	0001.361
-01.9197	-00.0125	0001.362
-01.9170	-00.0122	0001.363
-01.9136	-00.0128	0001.364
-01.9103	-00.0125	0001.365
-01.9078	-00.0128	0001.366
-01.9051	-00.0128	0001.367
-01.9017	-00.0125	0001.368
-01.8993	-00.0125	0001.369
-01.8959	-00.0128	0001.370
-01.8929	-00.0122	0001.371
-01.8898	-00.0125	0001.372
-01.8871	-00.0125	0001.373
-01.8840	-00.0125	0001.374
-01.8810	-00.0128	0001.375
-01.8776	-00.0125	0001.376
-01.8749	-00.0125	0001.377
-01.8718	-00.0125	0001.378
-01.8691	-00.0122	0001.379
-01.8657	-00.0128	0001.380
-01.8633	-00.0125	0001.381
-01.8593	-00.0125	0001.382
-01.8566	-00.0125	0001.383
-01.8541	-00.0125	0001.384
-01.8508	-00.0122	0001.385
-01.8474	-00.0128	0001.386
-01.8450	-00.0128	0001.387
-01.8416	-00.0122	0001.388
-01.8389	-00.0125	0001.389
-01.8361	-00.0125	0001.390
-01.8325	-00.0128	0001.391
-01.8294	-00.0125	0001.392
-01.8267	-00.0119	0001.393
-01.8239	-00.0125	0001.394
-01.8209	-00.0122	0001.395
-01.8178	-00.0128	0001.396
-01.8151	-00.0122	0001.397
-01.8117	-00.0125	0001.398
-01.8087	-00.0122	0001.399
-01.8059	-00.0122	0001.400
-01.8023	-00.0125	0001.401
-01.8001	-00.0122	0001.402
-01.7971	-00.0125	0001.403
-01.7934	-00.0125	0001.404
-01.7910	-00.0125	0001.405
-01.7876	-00.0122	0001.406
-01.7849	-00.0125	0001.407
-01.7815	-00.0122	0001.408
-01.7785	-00.0119	0001.409
-01.7751	-00.0122	0001.410
-01.7727	-00.0122	0001.411
-01.7693	-00.0125	0001.412
-01.7665	-00.0125	0001.413
-01.7641	-00.0122	0001.414
-01.7611	-00.0125	0001.415
-01.7574	-00.0122	0001.416
-01.7546	-00.0122	0001.417
-01.7516	-00.0119	0001.418
-01.7488	-00.0119	0001.419
-01.7458	-00.0125	0001.420
-01.7427	-00.0119	0001.421
-01.7391	-00.0122	0001.422
-01.7366	-00.0122	0001.423
-01.7336	-00.0125	0001.424
-01.7311	-00.0122	0001.425
-01.7281	-00.0122	0001.426
-01.7244	-00.0122	0001.427
-01.7214	-00.0125	0001.428
-01.7186	-00.0119	0001.429
-01.7156	-00.0122	0001.430
-01.7128	-00.0122	0001.431
-01.7095	-00.0119	0001.432
-01.7064	-00.0119	0001.433
-01.7037	-00.0122	0001.434
-01.7006	-00.0125	0001.435
-01.6973	-00.0119	0001.436
-01.6948	-00.0119	0001.437
-01.6918	-00.0122	0001.438
-01.6884	-00.0122	0001.439
-01.6860	-00.0122	0001.440
-01.6826	-00.0119	0001.441
-01.6793	-00.0119	0001.442
-01.6765	-00.0122	0001.443
-01.6738	-00.0122	0001.444
-01.6707	-00.0122	0001.445
-01.6674	-00.0119	0001.446
-01.6640	-00.0122	0001.447
-01.6616	-00.0122	0001.448
-01.6588	-00.0119	0001.449
-01.6555	-00.0122	0001.450
-01.6524	-00.0122	0001.451
-01.6500	-00.0119	0001.452
-01.6460	-00.0122	0001.453
-01.6445	-00.0122	0001.454
-01.6408	-00.0122	0001.455
-01.6378	-00.0119	0001.456
-01.6347	-00.0116	0001.457
-01.6317	-00.0122	0001.458
-01.6283	-00.0119	0001.459
-01.6259	-00.0119	0001.460
-01.6231	-00.0122	0001.461
-01.6195	-00.0122	0001.462
-01.6164	-00.0119	0001.463
-01.6134	-00.0116	0001.464
-01.6106	-00.0119	0001.465
-01.6079	-00.0119	0001.466
-01.6042	-00.0119	0001.467
-01.6014	-00.0122	0001.468
-01.5984	-00.0119	0001.469
-01.5953	-00.0122	0001.470
-01.5929	-00.0119	0001.471
-01.5895	-00.0116	0001.472
-01.5868	-00.0116	0001.473
-01.5834	-00.0119	0001.474
-01.5801	-00.0119	0001.475
-01.5776	-00.0116	0001.476
-01.5743	-00.0122	0001.477
-01.5712	-00.0119	0001.478
-01.5688	-00.0119	0001.479
-01.5657	-00.0116	0001.480
-01.5624	-00.0116	0001.481
-01.5593	-00.0116	0001.482
-01.5563	-00.0119	0001.483
-01.5532	-00.0119	0001.484
-01.5505	-00.0116	0001.485
-01.5477	-00.0119	0001.486
-01.5444	-00.0122	0001.487
-01.5413	-00.0119	0001.488
-01.5383	-00.0119	0001.489
-01.5361	-00.0116	0001.490
-01.5322	-00.0122	0001.491
-01.5291	-00.0119	0001.492
-01.5261	-00.0113	0001.493
-01.5236	-00.0119	0001.494
-01.5200	-00.0119	0001.495
-01.5175	-00.0116	0001.496
-01.5145	-00.0116	0001.497
-01.5114	-00.0122	0001.498
-01.5081	-00.0116	0001.499
-01.5053	-00.0116	0001.500
-01.5023	-00.0116	0001.501
-01.4992	-00.0119	0001.502
-01.4965	-00.0116	0001.503
-01.4931	-00.0119	0001.504
-01.4901	-00.0113	0001.505
-01.4873	-00.0116	0001.506
-01.4846	-00.0113	0001.507
-01.4812	-00.0116	0001.508
-01.4775	-00.0113	0001.509
-01.4748	-00.0116	0001.510
-01.4727	-00.0119	0001.511
-01.4687	-00.0116	0001.512
-01.4666	-00.0116	0001.513
-01.4629	-00.0116	0001.514
-01.4598	-00.0116	0001.515
-01.4571	-00.0116	0001.516
-01.4540	-00.0113	0001.517
-01.4507	-00.0116	0001.518
-01.4486	-00.0122	0001.519
-01.4452	-00.0119	0001.520
-01.4421	-00.0116	0001.521
-01.4391	-00.0113	0001.522
-01.4360	-00.0116	0001.523
-01.4327	-00.0119	0001.524
-01.4302	-00.0116	0001.525
-01.4275	-00.0113	0001.526
-01.4241	-00.0116	0001.527
-01.4208	-00.0116	0001.528
-01.4183	-00.0109	0001.529
-01.4144	-00.0116	0001.530
-01.4119	-00.0119	0001.531
-01.4092	-00.0116	0001.532
-01.4064	-00.0119	0001.533
-01.4034	-00.0113	0001.534
-01.4000	-00.0113	0001.535
-01.3973	-00.0113	0001.536
-01.3942	-00.0113	0001.537
-01.3909	-00.0113	0001.538
-01.3881	-00.0113	0001.539
-01.3854	-00.0116	0001.540
-01.3823	-00.0116	0001.541
-01.3787	-00.0116	0001.542
-01.3762	-00.0113	0001.543
-01.3732	-00.0113	0001.544
-01.3701	-00.0113	0001.545
-01.3671	-00.0113	0001.546
-01.3643	-00.0113	0001.547
-01.3610	-00.0113	0001.548
-01.3582	-00.0109	0001.549
-01.3552	-00.0116	0001.550
-01.3521	-00.0119	0001.551
-01.3488	-00.0109	0001.552
-01.3460	-00.0116	0001.553
-01.3430	-00.0113	0001.554
-01.3399	-00.0116	0001.555
-01.3372	-00.0109	0001.556
-01.3341	-00.0113	0001.557
-01.3311	-00.0109	0001.558
-01.3277	-00.0116	0001.559
-01.3253	-00.0113	0001.560
-01.3219	-00.0113	0001.561
-01.3192	-00.0113	0001.562
-01.3158	-00.0113	0001.563
-01.3124	-00.0113	0001.564
-01.3100	-00.0113	0001.565
-01.3073	-00.0116	0001.566
-01.3042	-00.0113	0001.567
-01.3009	-00.0113	0001.568
-01.2978	-00.0113	0001.569
-01.2944	-00.0113	0001.570
-01.2920	-00.0109	0001.571
-01.2889	-00.0109	0001.572
-01.2862	-00.0116	0001.573
-01.2828	-00.0109	0001.574
-01.2798	-00.0113	0001.575
-01.2770	-00.0113	0001.576
-01.2740	-00.0113	0001.577
-01.2712	-00.0113	0001.578
-01.2682	-00.0106	0001.579
-01.2651	-00.0113	0001.580
-01.2621	-00.0109	0001.581
-01.2587	-00.0113	0001.582
-01.2560	-00.0109	0001.583
-01.2532	-00.0116	0001.584
-01.2502	-00.0106	0001.585
-01.2471	-00.0113	0001.586
-01.2435	-00.0106	0001.587
-01.2407	-00.0113	0001.588
-01.2377	-00.0109	0001.589
-01.2349	-00.0109	0001.590
-01.2319	-00.0113	0001.591
-01.2288	-00.0106	0001.592
-01.2258	-00.0109	0001.593
-01.2227	-00.0113	0001.594
-01.2200	-00.0109	0001.595
-01.2166	-00.0106	0001.596
-01.2139	-00.0113	0001.597
-01.2111	-00.0106	0001.598
-01.2078	-00.0106	0001.599
-01.2050	-00.0119	0001.600
-01.2017	-00.0109	0001.601
-01.1989	-00.0106	0001.602
-01.1956	-00.0106	0001.603
-01.1928	-00.0109	0001.604
-01.1901	-00.0106	0001.605
-01.1867	-00.0113	0001.606
-01.1837	-00.0109	0001.607
-01.1806	-00.0109	0001.608
-01.1776	-00.0109	0001.609
-01.1745	-00.0109	0001.610
-01.1715	-00.0109	0001.611
-01.1687	-00.0109	0001.612
-01.1663	-00.0109	0001.613
-01.1626	-00.0106	0001.614
-01.1599	-00.0106	0001.615
-01.1565	-00.0106	0001.616
-01.1538	-00.0113	0001.617
-01.1507	-00.0109	0001.618
-01.1480	-00.0106	0001.619
-01.1446	-00.0106	0001.620
-01.1419	-00.0109	0001.621
-01.1385	-00.0106	0001.622
-01.1354	-00.0113	0001.623
-01.1327	-00.0109	0001.624
-01.1296	-00.0106	0001.625
-01.1269	-00.0106	0001.626
-01.1242	-00.0106	0001.627
-01.1205	-00.0106	0001.628
-01.1181	-00.0106	0001.629
-01.1147	-00.0109	0001.630
-01.1116	-00.0106	0001.631
-01.1089	-00.0109	0001.632
-01.1055	-00.0106	0001.633
-01.1025	-00.0100	0001.634
-01.0991	-00.0106	0001.635
-01.0961	-00.0109	0001.636
-01.0939	-00.0109	0001.637
-01.0909	-00.0109	0001.638
-01.0878	-00.0103	0001.639
-01.0848	-00.0109	0001.640
-01.0817	-00.0113	0001.641
-01.0787	-00.0106	0001.642
-01.0762	-00.0103	0001.643
-01.0726	-00.0103	0001.644
-01.0698	-00.0103	0001.645
-01.0665	-00.0106	0001.646
-01.0634	-00.0106	0001.647
-01.0604	-00.0103	0001.648
-01.0579	-00.0106	0001.649
-01.0546	-00.0109	0001.650
-01.0518	-00.0103	0001.651
-01.0485	-00.0100	0001.652
-01.0454	-00.0106	0001.653
-01.0433	-00.0106	0001.654
-01.0399	-00.0106	0001.655
-01.0372	-00.0100	0001.656
-01.0335	-00.0106	0001.657
-01.0305	-00.0103	0001.658
-01.0271	-00.0106	0001.659
-01.0250	-00.0106	0001.660
-01.0213	-00.0106	0001.661
-01.0186	-00.0103	0001.662
-01.0158	-00.0106	0001.663
-01.0122	-00.0103	0001.664
-01.0097	-00.0106	0001.665
-01.0064	-00.0103	0001.666
-01.0039	-00.0106	0001.667
-01.0009	-00.0103	0001.668
-00.9975	-00.0106	0001.669
-00.9945	-00.0106	0001.670
-00.9917	-00.0109	0001.671
-00.9884	-00.0106	0001.672
-00.9859	-00.0109	0001.673
-00.9826	-00.0097	0001.674
-00.9795	-00.0103	0001.675
-00.9768	-00.0100	0001.676
-00.9734	-00.0103	0001.677
-00.9700	-00.0097	0001.678
-00.9676	-00.0106	0001.679
-00.9645	-00.0103	0001.680
-00.9615	-00.0106	0001.681
-00.9584	-00.0106	0001.682
-00.9557	-00.0100	0001.683
-00.9526	-00.0100	0001.684
-00.9496	-00.0103	0001.685
-00.9465	-00.0103	0001.686
-00.9432	-00.0103	0001.687
-00.9407	-00.0106	0001.688
-00.9377	-00.0097	0001.689
-00.9346	-00.0100	0001.690
-00.9313	-00.0100	0001.691
-00.9285	-00.0100	0001.692
-00.9249	-00.0100	0001.693
-00.9224	-00.0103	0001.694
-00.9191	-00.0103	0001.695
-00.9163	-00.0100	0001.696
-00.9139	-00.0094	0001.697
-00.9105	-00.0100	0001.698
-00.9072	-00.0103	0001.699
-00.9044	-00.0103	0001.700
-00.9014	-00.0103	0001.701
-00.8983	-00.0100	0001.702
-00.8953	-00.0100	0001.703
-00.8919	-00.0103	0001.704
-00.8895	-00.0100	0001.705
-00.8861	-00.0097	0001.706
-00.8837	-00.0097	0001.707
-00.8803	-00.0100	0001.708
-00.8773	-00.0100	0001.709
-00.8748	-00.0103	0001.710
-00.8712	-00.0100	0001.711
-00.8681	-00.0097	0001.712
-00.8654	-00.0100	0001.713
-00.8626	-00.0097	0001.714
-00.8593	-00.0100	0001.715
-00.8559	-00.0103	0001.716
-00.8538	-00.0094	0001.717
-00.8504	-00.0100	0001.718
-00.8477	-00.0100	0001.719
-00.8443	-00.0103	0001.720
-00.8416	-00.0097	0001.721
-00.8385	-00.0097	0001.722
-00.8355	-00.0097	0001.723
-00.8324	-00.0100	0001.724
-00.8297	-00.0100	0001.725
-00.8266	-00.0100	0001.726
-00.8233	-00.0097	0001.727
-00.8202	-00.0097	0001.728
-00.8171	-00.0100	0001.729
-00.8141	-00.0097	0001.730
-00.8117	-00.0097	0001.731
-00.8086	-00.0097	0001.732
-00.8056	-00.0100	0001.733
-00.8022	-00.0097	0001.734
-00.7994	-00.0100	0001.735
-00.7958	-00.0097	0001.736
-00.7936	-00.0097	0001.737
-00.7903	-00.0100	0001.738
-00.7875	-00.0100	0001.739
-00.7839	-00.0100	0001.740
-00.7811	-00.0097	0001.741
-00.7781	-00.0094	0001.742
-00.7750	-00.0097	0001.743
-00.7723	-00.0100	0001.744
-00.7692	-00.0097	0001.745
-00.7668	-00.0094	0001.746
-00.7631	-00.0094	0001.747
-00.7601	-00.0097	0001.748
-00.7576	-00.0100	0001.749
-00.7540	-00.0094	0001.750
-00.7515	-00.0097	0001.751
-00.7485	-00.0094	0001.752
-00.7451	-00.0097	0001.753
-00.7421	-00.0088	0001.754
-00.7399	-00.0094	0001.755
-00.7366	-00.0091	0001.756
-00.7329	-00.0100	0001.757
-00.7302	-00.0100	0001.758
-00.7268	-00.0091	0001.759
-00.7244	-00.0097	0001.760
-00.7210	-00.0097	0001.761
-00.7186	-00.0094	0001.762
-00.7152	-00.0094	0001.763
-00.7122	-00.0097	0001.764
-00.7094	-00.0100	0001.765
-00.7064	-00.0097	0001.766
-00.7030	-00.0094	0001.767
-00.7006	-00.0094	0001.768
-00.6969	-00.0094	0001.769
-00.6939	-00.0091	0001.770
-00.6908	-00.0094	0001.771
-00.6884	-00.0091	0001.772
-00.6850	-00.0094	0001.773
-00.6820	-00.0094	0001.774
-00.6792	-00.0094	0001.775
-00.6759	-00.0097	0001.776
-00.6731	-00.0091	0001.777
-00.6704	-00.0091	0001.778
-00.6673	-00.0097	0001.779
-00.6643	-00.0094	0001.780
-00.6612	-00.0094	0001.781
-00.6582	-00.0091	0001.782
-00.6551	-00.0094	0001.783
-00.6520	-00.0091	0001.784
-00.6493	-00.0091	0001.785
-00.6462	-00.0094	0001.786
-00.6432	-00.0094	0001.787
-00.6401	-00.0097	0001.788
-00.6365	-00.0094	0001.789
-00.6337	-00.0091	0001.790
-00.6310	-00.0097	0001.791
-00.6282	-00.0097	0001.792
-00.6252	-00.0094	0001.793
-00.6215	-00.0097	0001.794
-00.6188	-00.0091	0001.795
-00.6163	-00.0094	0001.796
-00.6130	-00.0088	0001.797
-00.6102	-00.0091	0001.798
-00.6069	-00.0097	0001.799
-00.6038	-00.0094	0001.800
-00.6011	-00.0094	0001.801
-00.5986	-00.0091	0001.802
-00.5953	-00.0094	0001.803
-00.5922	-00.0094	0001.804
-00.5892	-00.0091	0001.805
-00.5858	-00.0091	0001.806
-00.5834	-00.0091	0001.807
-00.5800	-00.0097	0001.808
-00.5773	-00.0094	0001.809
-00.5739	-00.0091	0001.810
-00.5706	-00.0091	0001.811
-00.5678	-00.0091	0001.812
-00.5654	-00.0094	0001.813
-00.5623	-00.0091	0001.814
-00.5587	-00.0094	0001.815
-00.5559	-00.0088	0001.816
-00.5529	-00.0088	0001.817
-00.5498	-00.0085	0001.818
-00.5474	-00.0085	0001.819
-00.5440	-00.0091	0001.820
-00.5410	-00.0091	0001.821
-00.5376	-00.0091	0001.822
-00.5352	-00.0091	0001.823
-00.5318	-00.0091	0001.824
-00.5291	-00.0085	0001.825
-00.5260	-00.0091	0001.826
-00.5230	-00.0091	0001.827
-00.5199	-00.0094	0001.828
-00.5169	-00.0085	0001.829
-00.5141	-00.0091	0001.830
-00.5108	-00.0091	0001.831
-00.5077	-00.0091	0001.832
-00.5050	-00.0088	0001.833
-00.5016	-00.0091	0001.834
-00.4988	-00.0088	0001.835
-00.4958	-00.0088	0001.836
-00.4927	-00.0085	0001.837
-00.4906	-00.0094	0001.838
-00.4869	-00.0091	0001.839
-00.4839	-00.0091	0001.840
-00.4808	-00.0088	0001.841
-00.4781	-00.0088	0001.842
-00.4750	-00.0088	0001.843
-00.4720	-00.0088	0001.844
-00.4689	-00.0088	0001.845
-00.4656	-00.0088	0001.846
-00.4628	-00.0088	0001.847
-00.4601	-00.0088	0001.848
-00.4567	-00.0085	0001.849
-00.4537	-00.0088	0001.850
-00.4512	-00.0079	0001.851
-00.4479	-00.0085	0001.852
-00.4448	-00.0088	0001.853
-00.4415	-00.0088	0001.854
-00.4390	-00.0085	0001.855
-00.4363	-00.0085	0001.856
-00.4329	-00.0085	0001.857
-00.4299	-00.0088	0001.858
-00.4268	-00.0082	0001.859
-00.4241	-00.0091	0001.860
-00.4210	-00.0070	0001.861
-00.4177	-00.0085	0001.862
-00.4146	-00.0088	0001.863
-00.4116	-00.0085	0001.864
-00.4085	-00.0088	0001.865
-00.4061	-00.0085	0001.866
-00.4030	-00.0082	0001.867
-00.3997	-00.0085	0001.868
-00.3966	-00.0082	0001.869
-00.3939	-00.0085	0001.870
-00.3908	-00.0082	0001.871
-00.3881	-00.0088	0001.872
-00.3847	-00.0085	0001.873
-00.3820	-00.0085	0001.874
-00.3792	-00.0088	0001.875
-00.3756	-00.0082	0001.876
-00.3725	-00.0085	0001.877
-00.3701	-00.0085	0001.878
-00.3667	-00.0088	0001.879
-00.3637	-00.0082	0001.880
-00.3609	-00.0082	0001.881
-00.3579	-00.0088	0001.882
-00.3548	-00.0085	0001.883
-00.3518	-00.0085	0001.884
-00.3490	-00.0085	0001.885
-00.3460	-00.0085	0001.886
-00.3426	-00.0085	0001.887
-00.3395	-00.0082	0001.888
-00.3368	-00.0085	0001.889
-00.3341	-00.0085	0001.890
-00.3307	-00.0085	0001.891
-00.3276	-00.0088	0001.892
-00.3249	-00.0085	0001.893
-00.3212	-00.0085	0001.894
-00.3185	-00.0085	0001.895
-00.3157	-00.0088	0001.896
-00.3127	-00.0085	0001.897
-00.3099	-00.0085	0001.898
-00.3069	-00.0079	0001.899
-00.3032	-00.0079	0001.900
-00.3005	-00.0091	0001.901
-00.2980	-00.0088	0001.902
-00.2950	-00.0079	0001.903
-00.2919	-00.0082	0001.904
-00.2886	-00.0082	0001.905
-00.2855	-00.0085	0001.906
-00.2828	-00.0079	0001.907
-00.2800	-00.0082	0001.908
-00.2761	-00.0082	0001.909
-00.2736	-00.0082	0001.910
-00.2706	-00.0082	0001.911
-00.2675	-00.0085	0001.912
-00.2648	-00.0082	0001.913
-00.2617	-00.0082	0001.914
-00.2587	-00.0082	0001.915
-00.2553	-00.0085	0001.916
-00.2529	-00.0079	0001.917
-00.2498	-00.0079	0001.918
-00.2471	-00.0082	0001.919
-00.2437	-00.0079	0001.920
-00.2407	-00.0082	0001.921
-00.2373	-00.0079	0001.922
-00.2346	-00.0085	0001.923
-00.2315	-00.0082	0001.924
-00.2288	-00.0079	0001.925
-00.2254	-00.0079	0001.926
-00.2224	-00.0082	0001.927
-00.2193	-00.0085	0001.928
-00.2163	-00.0079	0001.929
-00.2135	-00.0073	0001.930
-00.2105	-00.0082	0001.931
-00.2077	-00.0079	0001.932
-00.2047	-00.0082	0001.933
-00.2016	-00.0082	0001.934
-00.1979	-00.0079	0001.935
-00.1955	-00.0079	0001.936
-00.1925	-00.0082	0001.937
-00.1897	-00.0079	0001.938
-00.1863	-00.0079	0001.939
-00.1839	-00.0079	0001.940
-00.1802	-00.0082	0001.941
-00.1775	-00.0076	0001.942
-00.1744	-00.0079	0001.943
-00.1717	-00.0082	0001.944
-00.1683	-00.0076	0001.945
-00.1653	-00.0076	0001.946
-00.1622	-00.0079	0001.947
-00.1592	-00.0073	0001.948
-00.1564	-00.0079	0001.949
-00.1537	-00.0076	0001.950
-00.1509	-00.0082	0001.951
-00.1473	-00.0079	0001.952
-00.1442	-00.0076	0001.953
-00.1415	-00.0076	0001.954
-00.1387	-00.0076	0001.955
-00.1357	-00.0079	0001.956
-00.1323	-00.0073	0001.957
-00.1299	-00.0079	0001.958
-00.1262	-00.0073	0001.959
-00.1238	-00.0073	0001.960
-00.1207	-00.0076	0001.961
-00.1174	-00.0076	0001.962
-00.1149	-00.0070	0001.963
-00.1113	-00.0076	0001.964
-00.1085	-00.0076	0001.965
-00.1055	-00.0076	0001.966
-00.1027	-00.0073	0001.967
-00.0994	-00.0076	0001.968
-00.0960	-00.0082	0001.969
-00.0930	-00.0076	0001.970
-00.0902	-00.0076	0001.971
-00.0875	-00.0076	0001.972
-00.0844	-00.0073	0001.973
-00.0814	-00.0079	0001.974
-00.0783	-00.0073	0001.975
-00.0753	-00.0079	0001.976
-00.0719	-00.0076	0001.977
-00.0698	-00.0076	0001.978
-00.0664	-00.0073	0001.979
-00.0634	-00.0076	0001.980
-00.0603	-00.0076	0001.981
-00.0573	-00.0079	0001.982
-00.0545	-00.0073	0001.983
-00.0515	-00.0076	0001.984
-00.0484	-00.0073	0001.985
-00.0454	-00.0076	0001.986
-00.0423	-00.0076	0001.987
-00.0393	-00.0076	0001.988
-00.0365	-00.0073	0001.989
-00.0335	-00.0076	0001.990
-00.0307	-00.0073	0001.991
-00.0270	-00.0073	0001.992
-00.0237	-00.0073	0001.993
-00.0216	-00.0076	0001.994
-00.0182	-00.0073	0001.995
-00.0151	-00.0073	0001.996
-00.0118	-00.0073	0001.997
-00.0093	-00.0076	0001.998
-00.0066	-00.0076	0001.999
