R,Ohm	C,pF	Temp,C
0000000000	0000100000	+089.40
Ch1,V	Ch2,V	Time,s
-00.0002	-00.0009	0000.000
-00.0005	-00.0006	0000.001
+00.0026	-00.0009	0000.002
+00.0059	-00.0009	0000.003
+00.0084	-00.0012	0000.004
+00.0117	-00.0009	0000.005
+00.0148	-00.0009	0000.006
+00.0172	-00.0006	0000.007
+00.0206	-00.0012	0000.008
+00.0236	-00.0009	0000.009
+00.0264	-00.0009	0000.010
+00.0303	-00.0009	0000.011
+00.0331	-00.0009	0000.012
+00.0358	-00.0009	0000.013
+00.0389	-00.0006	0000.014
+00.0416	-00.0009	0000.015
+00.0450	-00.0006	0000.016
+00.0480	-00.0009	0000.017
+00.0505	-00.0009	0000.018
+00.0532	-00.0009	0000.019
+00.0569	-00.0006	0000.020
+00.0599	-00.0009	0000.021
+00.0630	-00.0006	0000.022
+00.0657	-00.0006	0000.023
+00.0691	-00.0006	0000.024
+00.0718	-00.0009	0000.025
+00.0743	-00.0009	0000.026
+00.0779	-00.0003	0000.027
+00.0807	-00.0003	0000.028
+00.0840	-00.0006	0000.029
+00.0865	-00.0006	0000.030
+00.0898	-00.0006	0000.031
+00.0926	-00.0006	0000.032
+00.0956	-00.0006	0000.033
+00.0990	-00.0003	0000.034
+00.1020	-00.0006	0000.035
+00.1051	-00.0003	0000.036
+00.1075	-00.0006	0000.037
+00.1106	-00.0006	0000.038
+00.1139	-00.0003	0000.039
+00.1173	-00.0003	0000.040
+00.1200	-00.0006	0000.041
+00.1231	-00.0003	0000.042
+00.1258	-00.0006	0000.043
+00.1289	-00.0003	0000.044
+00.1319	-00.0003	0000.045
+00.1350	-00.0003	0000.046
+00.1381	-00.0009	0000.047
+00.1414	-00.0003	0000.048
+00.1442	-00.0003	0000.049
+00.1466	-00.0009	0000.050
+00.1496	-00.0003	0000.051
+00.1530	-00.0003	0000.052
+00.1561	-00.0003	0000.053
+00.1585	-00.0003	0000.054
+00.1616	-00.0003	0000.055
+00.1646	-00.0003	0000.056
+00.1677	-00.0003	0000.057
+00.1707	+00.0000	0000.058
+00.1738	-00.0003	0000.059
+00.1768	-00.0006	0000.060
+00.1799	-00.0006	0000.061
+00.1829	+00.0000	0000.062
+00.1860	-00.0003	0000.063
+00.1890	-00.0003	0000.064
+00.1921	-00.0006	0000.065
+00.1945	-00.0006	0000.066
+00.1979	-00.0003	0000.067
+00.2018	-00.0003	0000.068
+00.2037	-00.0006	0000.069
+00.2064	-00.0003	0000.070
+00.2101	-00.0003	0000.071
+00.2128	+00.0000	0000.072
+00.2156	+00.0000	0000.073
+00.2186	-00.0003	0000.074
+00.2223	-00.0003	0000.075
+00.2253	-00.0003	0000.076
+00.2281	-00.0003	0000.077
+00.2308	+00.0000	0000.078
+00.2342	-00.0003	0000.079
+00.2366	-00.0003	0000.080
+00.2397	-00.0003	0000.081
+00.2433	+00.0000	0000.082
+00.2464	-00.0003	0000.083
+00.2485	+00.0000	0000.084
+00.2519	-00.0003	0000.085
+00.2549	+00.0000	0000.086
+00.2577	+00.0000	0000.087
+00.2610	+00.0000	0000.088
+00.2644	+00.0000	0000.089
+00.2665	+00.0000	0000.090
+00.2699	-00.0003	0000.091
+00.2729	+00.0000	0000.092
+00.2760	+00.0003	0000.093
+00.2790	+00.0000	0000.094
+00.2824	+00.0003	0000.095
+00.2848	+00.0003	0000.096
+00.2876	-00.0003	0000.097
+00.2909	+00.0006	0000.098
+00.2940	+00.0000	0000.099
+00.2974	+00.0003	0000.100
+00.3007	-00.0003	0000.101
+00.3022	+00.0000	0000.102
+00.3059	+00.0000	0000.103
+00.3093	-00.0003	0000.104
+00.3123	+00.0003	0000.105
+00.3154	-00.0003	0000.106
+00.3178	+00.0006	0000.107
+00.3212	+00.0000	0000.108
+00.3239	+00.0003	0000.109
+00.3276	+00.0000	0000.110
+00.3300	+00.0000	0000.111
+00.3334	+00.0000	0000.112
+00.3358	+00.0003	0000.113
+00.3392	+00.0003	0000.114
+00.3422	+00.0000	0000.115
+00.3453	+00.0003	0000.116
+00.3483	+00.0006	0000.117
+00.3511	+00.0000	0000.118
+00.3538	+00.0000	0000.119
+00.3572	+00.0006	0000.120
+00.3602	+00.0003	0000.121
+00.3636	+00.0003	0000.122
+00.3666	+00.0003	0000.123
+00.3691	+00.0003	0000.124
+00.3721	+00.0006	0000.125
+00.3752	+00.0003	0000.126
+00.3782	+00.0006	0000.127
+00.3813	+00.0003	0000.128
+00.3843	+00.0003	0000.129
+00.3874	+00.0000	0000.130
+00.3901	+00.0003	0000.131
+00.3929	+00.0003	0000.132
+00.3962	+00.0000	0000.133
+00.3996	+00.0003	0000.134
+00.4023	+00.0006	0000.135
+00.4054	+00.0003	0000.136
+00.4078	+00.0006	0000.137
+00.4112	+00.0000	0000.138
+00.4142	+00.0003	0000.139
+00.4176	+00.0003	0000.140
+00.4203	+00.0010	0000.141
+00.4234	+00.0010	0000.142
+00.4261	+00.0006	0000.143
+00.4292	+00.0006	0000.144
+00.4319	+00.0003	0000.145
+00.4359	+00.0006	0000.146
+00.4383	+00.0010	0000.147
+00.4417	+00.0006	0000.148
+00.4441	+00.0003	0000.149
+00.4475	+00.0006	0000.150
+00.4506	+00.0006	0000.151
+00.4536	+00.0003	0000.152
+00.4564	+00.0010	0000.153
+00.4594	+00.0010	0000.154
+00.4621	+00.0013	0000.155
+00.4655	+00.0006	0000.156
+00.4686	+00.0003	0000.157
+00.4713	+00.0010	0000.158
+00.4741	+00.0006	0000.159
+00.4771	+00.0010	0000.160
+00.4805	+00.0006	0000.161
+00.4829	+00.0006	0000.162
+00.4866	+00.0006	0000.163
+00.4893	+00.0003	0000.164
+00.4918	+00.0006	0000.165
+00.4948	+00.0006	0000.166
+00.4982	+00.0006	0000.167
+00.5009	+00.0006	0000.168
+00.5043	+00.0010	0000.169
+00.5073	+00.0010	0000.170
+00.5104	+00.0006	0000.171
+00.5131	+00.0006	0000.172
+00.5165	+00.0010	0000.173
+00.5189	+00.0006	0000.174
+00.5226	+00.0010	0000.175
+00.5256	+00.0006	0000.176
+00.5281	+00.0013	0000.177
+00.5311	+00.0010	0000.178
+00.5339	+00.0010	0000.179
+00.5375	+00.0006	0000.180
+00.5406	+00.0006	0000.181
+00.5436	+00.0006	0000.182
+00.5464	+00.0010	0000.183
+00.5494	+00.0006	0000.184
+00.5528	+00.0006	0000.185
+00.5552	+00.0010	0000.186
+00.5583	+00.0010	0000.187
+00.5616	+00.0010	0000.188
+00.5650	+00.0006	0000.189
+00.5671	+00.0010	0000.190
+00.5705	+00.0010	0000.191
+00.5735	+00.0013	0000.192
+00.5766	+00.0010	0000.193
+00.5796	+00.0013	0000.194
+00.5827	+00.0010	0000.195
+00.5851	+00.0010	0000.196
+00.5885	+00.0013	0000.197
+00.5918	+00.0013	0000.198
+00.5946	+00.0010	0000.199
+00.5973	+00.0013	0000.200
+00.6007	+00.0010	0000.201
+00.6034	+00.0013	0000.202
+00.6065	+00.0013	0000.203
+00.6095	+00.0010	0000.204
+00.6126	+00.0010	0000.205
+00.6157	+00.0010	0000.206
+00.6181	+00.0010	0000.207
+00.6211	+00.0013	0000.208
+00.6242	+00.0010	0000.209
+00.6279	+00.0010	0000.210
+00.6303	+00.0016	0000.211
+00.6334	+00.0013	0000.212
+00.6358	+00.0013	0000.213
+00.6395	+00.0013	0000.214
+00.6422	+00.0013	0000.215
+00.6459	+00.0010	0000.216
+00.6483	+00.0013	0000.217
+00.6517	+00.0013	0000.218
+00.6547	+00.0010	0000.219
+00.6578	+00.0016	0000.220
+00.6605	+00.0016	0000.221
+00.6636	+00.0013	0000.222
+00.6669	+00.0016	0000.223
+00.6694	+00.0016	0000.224
+00.6724	+00.0013	0000.225
+00.6755	+00.0010	0000.226
+00.6785	+00.0016	0000.227
+00.6816	+00.0016	0000.228
+00.6849	+00.0013	0000.229
+00.6874	+00.0013	0000.230
+00.6907	+00.0016	0000.231
+00.6932	+00.0013	0000.232
+00.6962	+00.0016	0000.233
+00.6996	+00.0016	0000.234
+00.7032	+00.0013	0000.235
+00.7057	+00.0016	0000.236
+00.7084	+00.0016	0000.237
+00.7115	+00.0016	0000.238
+00.7145	+00.0016	0000.239
+00.7179	+00.0016	0000.240
+00.7206	+00.0016	0000.241
+00.7237	+00.0016	0000.242
+00.7264	+00.0016	0000.243
+00.7298	+00.0016	0000.244
+00.7325	+00.0016	0000.245
+00.7356	+00.0019	0000.246
+00.7389	+00.0016	0000.247
+00.7417	+00.0016	0000.248
+00.7450	+00.0016	0000.249
+00.7475	+00.0013	0000.250
+00.7502	+00.0019	0000.251
+00.7536	+00.0013	0000.252
+00.7569	+00.0022	0000.253
+00.7594	+00.0019	0000.254
+00.7627	+00.0019	0000.255
+00.7655	+00.0016	0000.256
+00.7685	+00.0016	0000.257
+00.7719	+00.0016	0000.258
+00.7746	+00.0016	0000.259
+00.7777	+00.0016	0000.260
+00.7808	+00.0019	0000.261
+00.7835	+00.0019	0000.262
+00.7866	+00.0019	0000.263
+00.7896	+00.0016	0000.264
+00.7927	+00.0016	0000.265
+00.7954	+00.0016	0000.266
+00.7988	+00.0016	0000.267
+00.8015	+00.0019	0000.268
+00.8049	+00.0016	0000.269
+00.8079	+00.0019	0000.270
+00.8110	+00.0016	0000.271
+00.8134	+00.0016	0000.272
+00.8168	+00.0025	0000.273
+00.8198	+00.0019	0000.274
+00.8226	+00.0016	0000.275
+00.8256	+00.0016	0000.276
+00.8287	+00.0022	0000.277
+00.8317	+00.0019	0000.278
+00.8348	+00.0019	0000.279
+00.8378	+00.0016	0000.280
+00.8406	+00.0022	0000.281
+00.8442	+00.0022	0000.282
+00.8467	+00.0022	0000.283
+00.8500	+00.0019	0000.284
+00.8525	+00.0019	0000.285
+00.8555	+00.0016	0000.286
+00.8589	+00.0019	0000.287
+00.8616	+00.0022	0000.288
+00.8647	+00.0016	0000.289
+00.8677	+00.0022	0000.290
+00.8708	+00.0022	0000.291
+00.8741	+00.0019	0000.292
+00.8769	+00.0022	0000.293
+00.8799	+00.0025	0000.294
+00.8827	+00.0022	0000.295
+00.8860	+00.0022	0000.296
+00.8885	+00.0019	0000.297
+00.8918	+00.0019	0000.298
+00.8949	+00.0025	0000.299
+00.8976	+00.0022	0000.300
+00.9007	+00.0019	0000.301
+00.9037	+00.0022	0000.302
+00.9068	+00.0022	0000.303
+00.9098	+00.0022	0000.304
+00.9129	+00.0022	0000.305
+00.9159	+00.0025	0000.306
+00.9187	+00.0022	0000.307
+00.9220	+00.0025	0000.308
+00.9248	+00.0019	0000.309
+00.9282	+00.0019	0000.310
+00.9309	+00.0022	0000.311
+00.9340	+00.0025	0000.312
+00.9364	+00.0025	0000.313
+00.9397	+00.0019	0000.314
+00.9428	+00.0025	0000.315
+00.9462	+00.0025	0000.316
+00.9489	+00.0022	0000.317
+00.9520	+00.0025	0000.318
+00.9547	+00.0022	0000.319
+00.9578	+00.0028	0000.320
+00.9614	+00.0028	0000.321
+00.9642	+00.0022	0000.322
+00.9672	+00.0025	0000.323
+00.9703	+00.0022	0000.324
+00.9727	+00.0028	0000.325
+00.9761	+00.0025	0000.326
+00.9791	+00.0028	0000.327
+00.9825	+00.0025	0000.328
+00.9849	+00.0022	0000.329
+00.9883	+00.0028	0000.330
+00.9910	+00.0022	0000.331
+00.9941	+00.0025	0000.332
+00.9971	+00.0025	0000.333
+00.9999	+00.0025	0000.334
+01.0032	+00.0025	0000.335
+01.0066	+00.0025	0000.336
+01.0096	+00.0028	0000.337
+01.0115	+00.0028	0000.338
+01.0157	+00.0025	0000.339
+01.0179	+00.0025	0000.340
+01.0209	+00.0025	0000.341
+01.0243	+00.0025	0000.342
+01.0270	+00.0025	0000.343
+01.0298	+00.0028	0000.344
+01.0328	+00.0022	0000.345
+01.0356	+00.0028	0000.346
+01.0392	+00.0025	0000.347
+01.0426	+00.0028	0000.348
+01.0447	+00.0025	0000.349
+01.0481	+00.0028	0000.350
+01.0511	+00.0028	0000.351
+01.0545	+00.0028	0000.352
+01.0575	+00.0028	0000.353
+01.0597	+00.0031	0000.354
+01.0630	+00.0025	0000.355
+01.0661	+00.0025	0000.356
+01.0691	+00.0028	0000.357
+01.0722	+00.0028	0000.358
+01.0752	+00.0031	0000.359
+01.0777	+00.0025	0000.360
+01.0810	+00.0031	0000.361
+01.0844	+00.0028	0000.362
+01.0871	+00.0031	0000.363
+01.0905	+00.0031	0000.364
+01.0933	+00.0031	0000.365
+01.0960	+00.0028	0000.366
+01.0987	+00.0031	0000.367
+01.1018	+00.0028	0000.368
+01.1052	+00.0031	0000.369
+01.1082	+00.0028	0000.370
+01.1110	+00.0028	0000.371
+01.1146	+00.0031	0000.372
+01.1171	+00.0028	0000.373
+01.1207	+00.0031	0000.374
+01.1229	+00.0025	0000.375
+01.1268	+00.0034	0000.376
+01.1296	+00.0031	0000.377
+01.1320	+00.0028	0000.378
+01.1348	+00.0034	0000.379
+01.1378	+00.0031	0000.380
+01.1415	+00.0031	0000.381
+01.1442	+00.0031	0000.382
+01.1473	+00.0028	0000.383
+01.1497	+00.0031	0000.384
+01.1531	+00.0034	0000.385
+01.1561	+00.0034	0000.386
+01.1592	+00.0031	0000.387
+01.1625	+00.0028	0000.388
+01.1659	+00.0034	0000.389
+01.1677	+00.0031	0000.390
+01.1711	+00.0031	0000.391
+01.1738	+00.0031	0000.392
+01.1775	+00.0031	0000.393
+01.1796	+00.0031	0000.394
+01.1833	+00.0034	0000.395
+01.1863	+00.0031	0000.396
+01.1894	+00.0031	0000.397
+01.1918	+00.0034	0000.398
+01.1958	+00.0031	0000.399
+01.1982	+00.0037	0000.400
+01.2016	+00.0034	0000.401
+01.2043	+00.0028	0000.402
+01.2068	+00.0034	0000.403
+01.2101	+00.0031	0000.404
+01.2132	+00.0028	0000.405
+01.2165	+00.0034	0000.406
+01.2190	+00.0034	0000.407
+01.2220	+00.0034	0000.408
+01.2257	+00.0037	0000.409
+01.2284	+00.0031	0000.410
+01.2318	+00.0037	0000.411
+01.2345	+00.0034	0000.412
+01.2370	+00.0037	0000.413
+01.2403	+00.0034	0000.414
+01.2431	+00.0037	0000.415
+01.2461	+00.0034	0000.416
+01.2492	+00.0037	0000.417
+01.2526	+00.0037	0000.418
+01.2553	+00.0037	0000.419
+01.2587	+00.0037	0000.420
+01.2611	+00.0034	0000.421
+01.2645	+00.0037	0000.422
+01.2678	+00.0034	0000.423
+01.2706	+00.0040	0000.424
+01.2739	+00.0034	0000.425
+01.2761	+00.0037	0000.426
+01.2794	+00.0037	0000.427
+01.2828	+00.0037	0000.428
+01.2855	+00.0037	0000.429
+01.2883	+00.0037	0000.430
+01.2916	+00.0037	0000.431
+01.2947	+00.0034	0000.432
+01.2977	+00.0034	0000.433
+01.3005	+00.0034	0000.434
+01.3035	+00.0037	0000.435
+01.3066	+00.0037	0000.436
+01.3093	+00.0037	0000.437
+01.3124	+00.0037	0000.438
+01.3151	+00.0040	0000.439
+01.3185	+00.0037	0000.440
+01.3215	+00.0040	0000.441
+01.3246	+00.0037	0000.442
+01.3270	+00.0043	0000.443
+01.3307	+00.0040	0000.444
+01.3334	+00.0040	0000.445
+01.3368	+00.0040	0000.446
+01.3398	+00.0040	0000.447
+01.3432	+00.0043	0000.448
+01.3459	+00.0043	0000.449
+01.3481	+00.0040	0000.450
+01.3514	+00.0037	0000.451
+01.3545	+00.0043	0000.452
+01.3575	+00.0037	0000.453
+01.3603	+00.0037	0000.454
+01.3627	+00.0037	0000.455
+01.3667	+00.0046	0000.456
+01.3697	+00.0040	0000.457
+01.3734	+00.0046	0000.458
+01.3762	+00.0040	0000.459
+01.3786	+00.0043	0000.460
+01.3813	+00.0043	0000.461
+01.3844	+00.0037	0000.462
+01.3877	+00.0043	0000.463
+01.3908	+00.0037	0000.464
+01.3932	+00.0040	0000.465
+01.3969	+00.0046	0000.466
+01.3996	+00.0040	0000.467
+01.4033	+00.0040	0000.468
+01.4054	+00.0043	0000.469
+01.4085	+00.0040	0000.470
+01.4116	+00.0040	0000.471
+01.4140	+00.0043	0000.472
+01.4174	+00.0040	0000.473
+01.4207	+00.0040	0000.474
+01.4228	+00.0043	0000.475
+01.4268	+00.0046	0000.476
+01.4299	+00.0046	0000.477
+01.4323	+00.0043	0000.478
+01.4351	+00.0043	0000.479
+01.4384	+00.0040	0000.480
+01.4418	+00.0046	0000.481
+01.4448	+00.0046	0000.482
+01.4482	+00.0040	0000.483
+01.4506	+00.0046	0000.484
+01.4540	+00.0043	0000.485
+01.4567	+00.0040	0000.486
+01.4598	+00.0043	0000.487
+01.4625	+00.0046	0000.488
+01.4659	+00.0043	0000.489
+01.4683	+00.0046	0000.490
+01.4714	+00.0046	0000.491
+01.4747	+00.0049	0000.492
+01.4781	+00.0040	0000.493
+01.4805	+00.0046	0000.494
+01.4836	+00.0040	0000.495
+01.4869	+00.0046	0000.496
+01.4900	+00.0049	0000.497
+01.4924	+00.0046	0000.498
+01.4958	+00.0043	0000.499
+01.4988	+00.0043	0000.500
+01.5016	+00.0046	0000.501
+01.5043	+00.0046	0000.502
+01.5077	+00.0049	0000.503
+01.5110	+00.0046	0000.504
+01.5144	+00.0046	0000.505
+01.5168	+00.0046	0000.506
+01.5196	+00.0049	0000.507
+01.5226	+00.0049	0000.508
+01.5254	+00.0043	0000.509
+01.5287	+00.0040	0000.510
+01.5318	+00.0049	0000.511
+01.5345	+00.0049	0000.512
+01.5373	+00.0043	0000.513
+01.5409	+00.0046	0000.514
+01.5437	+00.0049	0000.515
+01.5470	+00.0049	0000.516
+01.5495	+00.0052	0000.517
+01.5528	+00.0049	0000.518
+01.5559	+00.0046	0000.519
+01.5586	+00.0046	0000.520
+01.5620	+00.0049	0000.521
+01.5648	+00.0046	0000.522
+01.5681	+00.0046	0000.523
+01.5709	+00.0049	0000.524
+01.5733	+00.0046	0000.525
+01.5767	+00.0049	0000.526
+01.5797	+00.0046	0000.527
+01.5831	+00.0049	0000.528
+01.5861	+00.0049	0000.529
+01.5892	+00.0049	0000.530
+01.5922	+00.0046	0000.531
+01.5950	+00.0052	0000.532
+01.5977	+00.0052	0000.533
+01.6011	+00.0049	0000.534
+01.6035	+00.0049	0000.535
+01.6069	+00.0052	0000.536
+01.6096	+00.0049	0000.537
+01.6130	+00.0049	0000.538
+01.6163	+00.0055	0000.539
+01.6194	+00.0055	0000.540
+01.6224	+00.0052	0000.541
+01.6252	+00.0052	0000.542
+01.6279	+00.0049	0000.543
+01.6304	+00.0055	0000.544
+01.6343	+00.0052	0000.545
+01.6368	+00.0055	0000.546
+01.6398	+00.0052	0000.547
+01.6432	+00.0049	0000.548
+01.6456	+00.0052	0000.549
+01.6490	+00.0052	0000.550
+01.6520	+00.0055	0000.551
+01.6551	+00.0052	0000.552
+01.6587	+00.0055	0000.553
+01.6606	+00.0052	0000.554
+01.6642	+00.0052	0000.555
+01.6673	+00.0052	0000.556
+01.6697	+00.0055	0000.557
+01.6731	+00.0052	0000.558
+01.6758	+00.0055	0000.559
+01.6795	+00.0052	0000.560
+01.6822	+00.0055	0000.561
+01.6850	+00.0052	0000.562
+01.6880	+00.0055	0000.563
+01.6911	+00.0055	0000.564
+01.6941	+00.0049	0000.565
+01.6972	+00.0052	0000.566
+01.6999	+00.0061	0000.567
+01.7027	+00.0055	0000.568
+01.7064	+00.0052	0000.569
+01.7094	+00.0055	0000.570
+01.7118	+00.0049	0000.571
+01.7146	+00.0055	0000.572
+01.7179	+00.0055	0000.573
+01.7210	+00.0055	0000.574
+01.7234	+00.0055	0000.575
+01.7268	+00.0058	0000.576
+01.7302	+00.0055	0000.577
+01.7329	+00.0058	0000.578
+01.7363	+00.0058	0000.579
+01.7387	+00.0058	0000.580
+01.7414	+00.0055	0000.581
+01.7451	+00.0061	0000.582
+01.7485	+00.0055	0000.583
+01.7509	+00.0055	0000.584
+01.7540	+00.0058	0000.585
+01.7570	+00.0055	0000.586
+01.7601	+00.0055	0000.587
+01.7625	+00.0055	0000.588
+01.7662	+00.0055	0000.589
+01.7692	+00.0055	0000.590
+01.7717	+00.0058	0000.591
+01.7750	+00.0058	0000.592
+01.7781	+00.0058	0000.593
+01.7814	+00.0061	0000.594
+01.7848	+00.0055	0000.595
+01.7872	+00.0058	0000.596
+01.7900	+00.0058	0000.597
+01.7927	+00.0061	0000.598
+01.7961	+00.0055	0000.599
+01.7997	+00.0058	0000.600
+01.8025	+00.0058	0000.601
+01.8052	+00.0058	0000.602
+01.8083	+00.0055	0000.603
+01.8113	+00.0058	0000.604
+01.8144	+00.0061	0000.605
+01.8171	+00.0058	0000.606
+01.8199	+00.0058	0000.607
+01.8232	+00.0061	0000.608
+01.8260	+00.0058	0000.609
+01.8293	+00.0064	0000.610
+01.8321	+00.0058	0000.611
+01.8351	+00.0061	0000.612
+01.8382	+00.0058	0000.613
+01.8412	+00.0061	0000.614
+01.8443	+00.0058	0000.615
+01.8473	+00.0064	0000.616
+01.8501	+00.0061	0000.617
+01.8534	+00.0061	0000.618
+01.8556	+00.0061	0000.619
+01.8592	+00.0061	0000.620
+01.8620	+00.0061	0000.621
+01.8657	+00.0061	0000.622
+01.8684	+00.0061	0000.623
+01.8715	+00.0064	0000.624
+01.8739	+00.0064	0000.625
+01.8769	+00.0061	0000.626
+01.8800	+00.0061	0000.627
+01.8834	+00.0064	0000.628
+01.8864	+00.0061	0000.629
+01.8892	+00.0061	0000.630
+01.8925	+00.0061	0000.631
+01.8953	+00.0064	0000.632
+01.8983	+00.0061	0000.633
+01.9017	+00.0061	0000.634
+01.9041	+00.0061	0000.635
+01.9072	+00.0058	0000.636
+01.9102	+00.0068	0000.637
+01.9133	+00.0061	0000.638
+01.9163	+00.0064	0000.639
+01.9191	+00.0064	0000.640
+01.9221	+00.0068	0000.641
+01.9252	+00.0064	0000.642
+01.9285	+00.0068	0000.643
+01.9319	+00.0064	0000.644
+01.9343	+00.0061	0000.645
+01.9371	+00.0064	0000.646
+01.9401	+00.0064	0000.647
+01.9435	+00.0068	0000.648
+01.9459	+00.0068	0000.649
+01.9496	+00.0068	0000.650
+01.9523	+00.0064	0000.651
+01.9554	+00.0068	0000.652
+01.9584	+00.0068	0000.653
+01.9612	+00.0064	0000.654
+01.9645	+00.0068	0000.655
+01.9673	+00.0068	0000.656
+01.9703	+00.0071	0000.657
+01.9740	+00.0064	0000.658
+01.9767	+00.0068	0000.659
+01.9786	+00.0064	0000.660
+01.9819	+00.0068	0000.661
+01.9850	+00.0068	0000.662
+01.9883	+00.0064	0000.663
+01.9914	+00.0071	0000.664
+01.9944	+00.0064	0000.665
+01.9975	+00.0068	0000.666
+01.9999	+00.0068	0000.667
+02.0033	+00.0068	0000.668
+02.0069	+00.0068	0000.669
+02.0094	+00.0068	0000.670
+02.0121	+00.0068	0000.671
+02.0158	+00.0071	0000.672
+02.0189	+00.0071	0000.673
+02.0219	+00.0071	0000.674
+02.0243	+00.0064	0000.675
+02.0274	+00.0071	0000.676
+02.0304	+00.0071	0000.677
+02.0335	+00.0068	0000.678
+02.0366	+00.0071	0000.679
+02.0393	+00.0071	0000.680
+02.0427	+00.0071	0000.681
+02.0457	+00.0071	0000.682
+02.0481	+00.0068	0000.683
+02.0512	+00.0068	0000.684
+02.0543	+00.0071	0000.685
+02.0576	+00.0074	0000.686
+02.0601	+00.0071	0000.687
+02.0640	+00.0071	0000.688
+02.0665	+00.0071	0000.689
+02.0692	+00.0074	0000.690
+02.0723	+00.0074	0000.691
+02.0756	+00.0068	0000.692
+02.0784	+00.0074	0000.693
+02.0814	+00.0071	0000.694
+02.0848	+00.0074	0000.695
+02.0875	+00.0077	0000.696
+02.0900	+00.0074	0000.697
+02.0933	+00.0071	0000.698
+02.0967	+00.0077	0000.699
+02.0991	+00.0074	0000.700
+02.1028	+00.0071	0000.701
+02.1049	+00.0077	0000.702
+02.1086	+00.0077	0000.703
+02.1119	+00.0074	0000.704
+02.1147	+00.0074	0000.705
+02.1180	+00.0077	0000.706
+02.1205	+00.0074	0000.707
+02.1232	+00.0071	0000.708
+02.1263	+00.0074	0000.709
+02.1296	+00.0074	0000.710
+02.1324	+00.0071	0000.711
+02.1354	+00.0074	0000.712
+02.1379	+00.0074	0000.713
+02.1415	+00.0074	0000.714
+02.1446	+00.0077	0000.715
+02.1476	+00.0077	0000.716
+02.1504	+00.0077	0000.717
+02.1537	+00.0077	0000.718
+02.1562	+00.0071	0000.719
+02.1598	+00.0074	0000.720
+02.1629	+00.0071	0000.721
+02.1656	+00.0077	0000.722
+02.1684	+00.0077	0000.723
+02.1714	+00.0077	0000.724
+02.1748	+00.0077	0000.725
+02.1775	+00.0077	0000.726
+02.1803	+00.0080	0000.727
+02.1836	+00.0071	0000.728
+02.1864	+00.0077	0000.729
+02.1898	+00.0080	0000.730
+02.1928	+00.0077	0000.731
+02.1955	+00.0080	0000.732
+02.1986	+00.0074	0000.733
+02.2020	+00.0077	0000.734
+02.2047	+00.0080	0000.735
+02.2081	+00.0083	0000.736
+02.2105	+00.0080	0000.737
+02.2129	+00.0080	0000.738
+02.2169	+00.0080	0000.739
+02.2197	+00.0077	0000.740
+02.2227	+00.0080	0000.741
+02.2255	+00.0080	0000.742
+02.2288	+00.0077	0000.743
+02.2319	+00.0080	0000.744
+02.2346	+00.0077	0000.745
+02.2383	+00.0077	0000.746
+02.2407	+00.0080	0000.747
+02.2441	+00.0080	0000.748
+02.2465	+00.0077	0000.749
+02.2493	+00.0080	0000.750
+02.2523	+00.0077	0000.751
+02.2554	+00.0083	0000.752
+02.2587	+00.0080	0000.753
+02.2615	+00.0083	0000.754
+02.2645	+00.0083	0000.755
+02.2682	+00.0080	0000.756
+02.2706	+00.0086	0000.757
+02.2734	+00.0080	0000.758
+02.2767	+00.0083	0000.759
+02.2795	+00.0086	0000.760
+02.2828	+00.0083	0000.761
+02.2853	+00.0080	0000.762
+02.2889	+00.0086	0000.763
+02.2923	+00.0080	0000.764
+02.2947	+00.0083	0000.765
+02.2972	+00.0086	0000.766
+02.3008	+00.0080	0000.767
+02.3036	+00.0083	0000.768
+02.3066	+00.0083	0000.769
+02.3100	+00.0083	0000.770
+02.3121	+00.0086	0000.771
+02.3161	+00.0083	0000.772
+02.3185	+00.0089	0000.773
+02.3222	+00.0083	0000.774
+02.3243	+00.0083	0000.775
+02.3283	+00.0086	0000.776
+02.3310	+00.0089	0000.777
+02.3338	+00.0086	0000.778
+02.3365	+00.0086	0000.779
+02.3399	+00.0083	0000.780
+02.3426	+00.0089	0000.781
+02.3460	+00.0086	0000.782
+02.3484	+00.0080	0000.783
+02.3512	+00.0083	0000.784
+02.3552	+00.0086	0000.785
+02.3579	+00.0086	0000.786
+02.3610	+00.0086	0000.787
+02.3637	+00.0086	0000.788
+02.3671	+00.0086	0000.789
+02.3701	+00.0086	0000.790
+02.3726	+00.0092	0000.791
+02.3756	+00.0089	0000.792
+02.3787	+00.0086	0000.793
+02.3814	+00.0083	0000.794
+02.3848	+00.0083	0000.795
+02.3875	+00.0086	0000.796
+02.3903	+00.0089	0000.797
+02.3942	+00.0086	0000.798
+02.3964	+00.0089	0000.799
+02.4003	+00.0089	0000.800
+02.4034	+00.0089	0000.801
+02.4055	+00.0092	0000.802
+02.4089	+00.0086	0000.803
+02.4116	+00.0086	0000.804
+02.4144	+00.0089	0000.805
+02.4174	+00.0092	0000.806
+02.4208	+00.0089	0000.807
+02.4238	+00.0086	0000.808
+02.4272	+00.0086	0000.809
+02.4299	+00.0089	0000.810
+02.4327	+00.0089	0000.811
+02.4357	+00.0089	0000.812
+02.4385	+00.0092	0000.813
+02.4421	+00.0089	0000.814
+02.4452	+00.0092	0000.815
+02.4485	+00.0086	0000.816
+02.4510	+00.0089	0000.817
+02.4537	+00.0092	0000.818
+02.4565	+00.0089	0000.819
+02.4598	+00.0092	0000.820
+02.4632	+00.0089	0000.821
+02.4659	+00.0092	0000.822
+02.4684	+00.0095	0000.823
+02.4720	+00.0092	0000.824
+02.4754	+00.0089	0000.825
+02.4778	+00.0092	0000.826
+02.4815	+00.0092	0000.827
+02.4839	+00.0089	0000.828
+02.4867	+00.0089	0000.829
+02.4897	+00.0092	0000.830
+02.4925	+00.0095	0000.831
+02.4955	+00.0095	0000.832
+02.4989	+00.0098	0000.833
+02.5026	+00.0092	0000.834
+02.5056	+00.0098	0000.835
+02.5087	+00.0095	0000.836
+02.5111	+00.0095	0000.837
+02.5135	+00.0092	0000.838
+02.5169	+00.0095	0000.839
+02.5203	+00.0098	0000.840
+02.5227	+00.0095	0000.841
+02.5267	+00.0098	0000.842
+02.5294	+00.0095	0000.843
+02.5322	+00.0095	0000.844
+02.5352	+00.0095	0000.845
+02.5380	+00.0095	0000.846
+02.5413	+00.0092	0000.847
+02.5444	+00.0095	0000.848
+02.5468	+00.0095	0000.849
+02.5499	+00.0092	0000.850
+02.5529	+00.0098	0000.851
+02.5563	+00.0095	0000.852
+02.5593	+00.0101	0000.853
+02.5624	+00.0095	0000.854
+02.5651	+00.0098	0000.855
+02.5685	+00.0098	0000.856
+02.5715	+00.0098	0000.857
+02.5743	+00.0092	0000.858
+02.5773	+00.0098	0000.859
+02.5804	+00.0098	0000.860
+02.5828	+00.0095	0000.861
+02.5862	+00.0098	0000.862
+02.5892	+00.0098	0000.863
+02.5923	+00.0098	0000.864
+02.5947	+00.0098	0000.865
+02.5981	+00.0098	0000.866
+02.6008	+00.0101	0000.867
+02.6045	+00.0101	0000.868
+02.6075	+00.0095	0000.869
+02.6100	+00.0101	0000.870
+02.6133	+00.0098	0000.871
+02.6161	+00.0098	0000.872
+02.6194	+00.0095	0000.873
+02.6222	+00.0101	0000.874
+02.6252	+00.0098	0000.875
+02.6283	+00.0104	0000.876
+02.6316	+00.0101	0000.877
+02.6347	+00.0101	0000.878
+02.6371	+00.0101	0000.879
+02.6405	+00.0101	0000.880
+02.6432	+00.0098	0000.881
+02.6463	+00.0104	0000.882
+02.6490	+00.0095	0000.883
+02.6521	+00.0104	0000.884
+02.6551	+00.0101	0000.885
+02.6588	+00.0104	0000.886
+02.6616	+00.0101	0000.887
+02.6643	+00.0098	0000.888
+02.6674	+00.0104	0000.889
+02.6701	+00.0098	0000.890
+02.6731	+00.0101	0000.891
+02.6765	+00.0104	0000.892
+02.6789	+00.0101	0000.893
+02.6817	+00.0104	0000.894
+02.6857	+00.0104	0000.895
+02.6881	+00.0101	0000.896
+02.6908	+00.0101	0000.897
+02.6939	+00.0104	0000.898
+02.6973	+00.0107	0000.899
+02.7000	+00.0107	0000.900
+02.7034	+00.0104	0000.901
+02.7061	+00.0104	0000.902
+02.7089	+00.0104	0000.903
+02.7128	+00.0101	0000.904
+02.7156	+00.0104	0000.905
+02.7189	+00.0104	0000.906
+02.7214	+00.0104	0000.907
+02.7250	+00.0104	0000.908
+02.7269	+00.0101	0000.909
+02.7299	+00.0107	0000.910
+02.7336	+00.0110	0000.911
+02.7366	+00.0101	0000.912
+02.7391	+00.0107	0000.913
+02.7424	+00.0104	0000.914
+02.7452	+00.0110	0000.915
+02.7485	+00.0107	0000.916
+02.7516	+00.0107	0000.917
+02.7543	+00.0110	0000.918
+02.7571	+00.0104	0000.919
+02.7604	+00.0104	0000.920
+02.7632	+00.0107	0000.921
+02.7665	+00.0107	0000.922
+02.7693	+00.0107	0000.923
+02.7729	+00.0107	0000.924
+02.7754	+00.0110	0000.925
+02.7784	+00.0104	0000.926
+02.7809	+00.0110	0000.927
+02.7848	+00.0107	0000.928
+02.7876	+00.0113	0000.929
+02.7909	+00.0107	0000.930
+02.7931	+00.0110	0000.931
+02.7964	+00.0104	0000.932
+02.7992	+00.0113	0000.933
+02.8028	+00.0107	0000.934
+02.8056	+00.0107	0000.935
+02.8090	+00.0110	0000.936
+02.8114	+00.0113	0000.937
+02.8151	+00.0113	0000.938
+02.8172	+00.0113	0000.939
+02.8202	+00.0107	0000.940
+02.8233	+00.0113	0000.941
+02.8267	+00.0110	0000.942
+02.8297	+00.0107	0000.943
+02.8325	+00.0113	0000.944
+02.8358	+00.0110	0000.945
+02.8382	+00.0110	0000.946
+02.8419	+00.0107	0000.947
+02.8450	+00.0113	0000.948
+02.8474	+00.0113	0000.949
+02.8502	+00.0110	0000.950
+02.8535	+00.0113	0000.951
+02.8572	+00.0113	0000.952
+02.8596	+00.0113	0000.953
+02.8624	+00.0116	0000.954
+02.8660	+00.0110	0000.955
+02.8685	+00.0110	0000.956
+02.8709	+00.0113	0000.957
+02.8746	+00.0113	0000.958
+02.8782	+00.0110	0000.959
+02.8807	+00.0113	0000.960
+02.8834	+00.0116	0000.961
+02.8865	+00.0113	0000.962
+02.8904	+00.0110	0000.963
+02.8929	+00.0113	0000.964
+02.8956	+00.0113	0000.965
+02.8987	+00.0113	0000.966
+02.9020	+00.0113	0000.967
+02.9045	+00.0116	0000.968
+02.9075	+00.0119	0000.969
+02.9106	+00.0116	0000.970
+02.9139	+00.0116	0000.971
+02.9167	+00.0113	0000.972
+02.9197	+00.0116	0000.973
+02.9231	+00.0119	0000.974
+02.9255	+00.0113	0000.975
+02.9289	+00.0119	0000.976
+02.9319	+00.0116	0000.977
+02.9347	+00.0122	0000.978
+02.9380	+00.0116	0000.979
+02.9414	+00.0113	0000.980
+02.9441	+00.0119	0000.981
+02.9469	+00.0113	0000.982
+02.9496	+00.0119	0000.983
+02.9527	+00.0119	0000.984
+02.9551	+00.0119	0000.985
+02.9588	+00.0116	0000.986
+02.9618	+00.0119	0000.987
+02.9649	+00.0119	0000.988
+02.9679	+00.0122	0000.989
+02.9710	+00.0113	0000.990
+02.9734	+00.0119	0000.991
+02.9768	+00.0119	0000.992
+02.9799	+00.0119	0000.993
+02.9823	+00.0119	0000.994
+02.9860	+00.0119	0000.995
+02.9884	+00.0125	0000.996
+02.9914	+00.0122	0000.997
+02.9942	+00.0119	0000.998
+02.9979	+00.0122	0000.999
+03.0015	+00.0122	0001.000
+03.0040	+00.0119	0001.001
+03.0015	+00.0119	0001.002
+02.9979	+00.0119	0001.003
+02.9954	+00.0122	0001.004
+02.9918	+00.0122	0001.005
+02.9890	+00.0119	0001.006
+02.9860	+00.0125	0001.007
+02.9832	+00.0116	0001.008
+02.9795	+00.0119	0001.009
+02.9768	+00.0122	0001.010
+02.9741	+00.0116	0001.011
+02.9707	+00.0122	0001.012
+02.9689	+00.0122	0001.013
+02.9649	+00.0122	0001.014
+02.9621	+00.0122	0001.015
+02.9591	+00.0119	0001.016
+02.9557	+00.0119	0001.017
+02.9521	+00.0122	0001.018
+02.9506	+00.0122	0001.019
+02.9472	+00.0122	0001.020
+02.9435	+00.0122	0001.021
+02.9408	+00.0119	0001.022
+02.9383	+00.0119	0001.023
+02.9347	+00.0119	0001.024
+02.9325	+00.0119	0001.025
+02.9295	+00.0119	0001.026
+02.9261	+00.0119	0001.027
+02.9234	+00.0119	0001.028
+02.9203	+00.0119	0001.029
+02.9161	+00.0122	0001.030
+02.9142	+00.0119	0001.031
+02.9115	+00.0119	0001.032
+02.9081	+00.0122	0001.033
+02.9051	+00.0119	0001.034
+02.9020	+00.0116	0001.035
+02.8984	+00.0119	0001.036
+02.8965	+00.0119	0001.037
+02.8929	+00.0119	0001.038
+02.8901	+00.0116	0001.039
+02.8859	+00.0122	0001.040
+02.8837	+00.0116	0001.041
+02.8810	+00.0122	0001.042
+02.8779	+00.0119	0001.043
+02.8746	+00.0116	0001.044
+02.8718	+00.0125	0001.045
+02.8688	+00.0119	0001.046
+02.8666	+00.0119	0001.047
+02.8627	+00.0119	0001.048
+02.8602	+00.0119	0001.049
+02.8563	+00.0122	0001.050
+02.8535	+00.0119	0001.051
+02.8505	+00.0119	0001.052
+02.8477	+00.0116	0001.053
+02.8456	+00.0122	0001.054
+02.8419	+00.0119	0001.055
+02.8392	+00.0119	0001.056
+02.8364	+00.0122	0001.057
+02.8331	+00.0119	0001.058
+02.8300	+00.0122	0001.059
+02.8270	+00.0119	0001.060
+02.8236	+00.0122	0001.061
+02.8212	+00.0119	0001.062
+02.8181	+00.0116	0001.063
+02.8148	+00.0116	0001.064
+02.8117	+00.0116	0001.065
+02.8090	+00.0119	0001.066
+02.8062	+00.0119	0001.067
+02.8028	+00.0116	0001.068
+02.8001	+00.0107	0001.069
+02.7964	+00.0119	0001.070
+02.7934	+00.0119	0001.071
+02.7909	+00.0116	0001.072
+02.7879	+00.0113	0001.073
+02.7842	+00.0122	0001.074
+02.7821	+00.0119	0001.075
+02.7784	+00.0116	0001.076
+02.7751	+00.0119	0001.077
+02.7720	+00.0116	0001.078
+02.7696	+00.0122	0001.079
+02.7659	+00.0116	0001.080
+02.7641	+00.0119	0001.081
+02.7607	+00.0119	0001.082
+02.7580	+00.0119	0001.083
+02.7546	+00.0119	0001.084
+02.7516	+00.0116	0001.085
+02.7485	+00.0119	0001.086
+02.7455	+00.0119	0001.087
+02.7424	+00.0122	0001.088
+02.7394	+00.0116	0001.089
+02.7363	+00.0116	0001.090
+02.7339	+00.0119	0001.091
+02.7305	+00.0116	0001.092
+02.7278	+00.0116	0001.093
+02.7250	+00.0119	0001.094
+02.7217	+00.0119	0001.095
+02.7186	+00.0116	0001.096
+02.7156	+00.0119	0001.097
+02.7128	+00.0119	0001.098
+02.7095	+00.0119	0001.099
+02.7067	+00.0119	0001.100
+02.7031	+00.0119	0001.101
+02.7009	+00.0116	0001.102
+02.6976	+00.0116	0001.103
+02.6948	+00.0119	0001.104
+02.6918	+00.0119	0001.105
+02.6887	+00.0116	0001.106
+02.6854	+00.0116	0001.107
+02.6829	+00.0116	0001.108
+02.6793	+00.0116	0001.109
+02.6771	+00.0122	0001.110
+02.6741	+00.0119	0001.111
+02.6704	+00.0116	0001.112
+02.6674	+00.0119	0001.113
+02.6649	+00.0119	0001.114
+02.6612	+00.0116	0001.115
+02.6591	+00.0113	0001.116
+02.6551	+00.0119	0001.117
+02.6524	+00.0116	0001.118
+02.6503	+00.0119	0001.119
+02.6469	+00.0113	0001.120
+02.6432	+00.0116	0001.121
+02.6408	+00.0113	0001.122
+02.6371	+00.0119	0001.123
+02.6347	+00.0116	0001.124
+02.6316	+00.0113	0001.125
+02.6286	+00.0119	0001.126
+02.6252	+00.0116	0001.127
+02.6225	+00.0113	0001.128
+02.6191	+00.0116	0001.129
+02.6167	+00.0119	0001.130
+02.6136	+00.0116	0001.131
+02.6109	+00.0119	0001.132
+02.6072	+00.0119	0001.133
+02.6048	+00.0116	0001.134
+02.6014	+00.0113	0001.135
+02.5987	+00.0116	0001.136
+02.5953	+00.0119	0001.137
+02.5926	+00.0116	0001.138
+02.5892	+00.0116	0001.139
+02.5868	+00.0116	0001.140
+02.5834	+00.0113	0001.141
+02.5807	+00.0116	0001.142
+02.5779	+00.0113	0001.143
+02.5743	+00.0119	0001.144
+02.5715	+00.0119	0001.145
+02.5682	+00.0116	0001.146
+02.5651	+00.0116	0001.147
+02.5627	+00.0110	0001.148
+02.5596	+00.0116	0001.149
+02.5569	+00.0116	0001.150
+02.5535	+00.0119	0001.151
+02.5508	+00.0116	0001.152
+02.5471	+00.0116	0001.153
+02.5447	+00.0116	0001.154
+02.5413	+00.0113	0001.155
+02.5386	+00.0119	0001.156
+02.5355	+00.0113	0001.157
+02.5325	+00.0116	0001.158
+02.5294	+00.0113	0001.159
+02.5264	+00.0116	0001.160
+02.5233	+00.0119	0001.161
+02.5203	+00.0113	0001.162
+02.5175	+00.0116	0001.163
+02.5145	+00.0113	0001.164
+02.5114	+00.0113	0001.165
+02.5084	+00.0119	0001.166
+02.5056	+00.0113	0001.167
+02.5023	+00.0116	0001.168
+02.4992	+00.0110	0001.169
+02.4958	+00.0116	0001.170
+02.4931	+00.0113	0001.171
+02.4903	+00.0113	0001.172
+02.4876	+00.0116	0001.173
+02.4839	+00.0116	0001.174
+02.4815	+00.0113	0001.175
+02.4784	+00.0113	0001.176
+02.4754	+00.0113	0001.177
+02.4723	+00.0116	0001.178
+02.4693	+00.0107	0001.179
+02.4659	+00.0113	0001.180
+02.4635	+00.0113	0001.181
+02.4601	+00.0113	0001.182
+02.4568	+00.0113	0001.183
+02.4543	+00.0116	0001.184
+02.4513	+00.0110	0001.185
+02.4482	+00.0113	0001.186
+02.4452	+00.0113	0001.187
+02.4421	+00.0110	0001.188
+02.4391	+00.0113	0001.189
+02.4363	+00.0113	0001.190
+02.4333	+00.0116	0001.191
+02.4305	+00.0116	0001.192
+02.4272	+00.0113	0001.193
+02.4244	+00.0110	0001.194
+02.4208	+00.0113	0001.195
+02.4183	+00.0110	0001.196
+02.4156	+00.0116	0001.197
+02.4113	+00.0110	0001.198
+02.4089	+00.0110	0001.199
+02.4058	+00.0113	0001.200
+02.4031	+00.0113	0001.201
+02.4003	+00.0113	0001.202
+02.3973	+00.0113	0001.203
+02.3942	+00.0113	0001.204
+02.3915	+00.0113	0001.205
+02.3878	+00.0116	0001.206
+02.3851	+00.0113	0001.207
+02.3823	+00.0113	0001.208
+02.3793	+00.0113	0001.209
+02.3762	+00.0113	0001.210
+02.3729	+00.0116	0001.211
+02.3701	+00.0110	0001.212
+02.3668	+00.0107	0001.213
+02.3640	+00.0113	0001.214
+02.3610	+00.0110	0001.215
+02.3579	+00.0113	0001.216
+02.3552	+00.0113	0001.217
+02.3521	+00.0113	0001.218
+02.3491	+00.0110	0001.219
+02.3460	+00.0110	0001.220
+02.3429	+00.0110	0001.221
+02.3399	+00.0113	0001.222
+02.3368	+00.0110	0001.223
+02.3338	+00.0113	0001.224
+02.3310	+00.0113	0001.225
+02.3283	+00.0113	0001.226
+02.3249	+00.0113	0001.227
+02.3222	+00.0110	0001.228
+02.3188	+00.0110	0001.229
+02.3161	+00.0107	0001.230
+02.3137	+00.0110	0001.231
+02.3100	+00.0110	0001.232
+02.3075	+00.0110	0001.233
+02.3042	+00.0110	0001.234
+02.3011	+00.0110	0001.235
+02.2978	+00.0110	0001.236
+02.2953	+00.0110	0001.237
+02.2917	+00.0110	0001.238
+02.2892	+00.0110	0001.239
+02.2859	+00.0113	0001.240
+02.2828	+00.0110	0001.241
+02.2801	+00.0107	0001.242
+02.2764	+00.0110	0001.243
+02.2743	+00.0110	0001.244
+02.2709	+00.0119	0001.245
+02.2679	+00.0110	0001.246
+02.2648	+00.0107	0001.247
+02.2615	+00.0110	0001.248
+02.2596	+00.0107	0001.249
+02.2554	+00.0107	0001.250
+02.2529	+00.0110	0001.251
+02.2499	+00.0110	0001.252
+02.2465	+00.0110	0001.253
+02.2441	+00.0113	0001.254
+02.2407	+00.0104	0001.255
+02.2383	+00.0110	0001.256
+02.2349	+00.0107	0001.257
+02.2319	+00.0110	0001.258
+02.2288	+00.0107	0001.259
+02.2267	+00.0107	0001.260
+02.2230	+00.0107	0001.261
+02.2200	+00.0110	0001.262
+02.2166	+00.0110	0001.263
+02.2132	+00.0107	0001.264
+02.2105	+00.0110	0001.265
+02.2081	+00.0107	0001.266
+02.2050	+00.0110	0001.267
+02.2020	+00.0107	0001.268
+02.1989	+00.0104	0001.269
+02.1959	+00.0107	0001.270
+02.1931	+00.0107	0001.271
+02.1904	+00.0107	0001.272
+02.1864	+00.0110	0001.273
+02.1840	+00.0107	0001.274
+02.1812	+00.0110	0001.275
+02.1782	+00.0104	0001.276
+02.1751	+00.0107	0001.277
+02.1717	+00.0110	0001.278
+02.1690	+00.0107	0001.279
+02.1656	+00.0110	0001.280
+02.1626	+00.0104	0001.281
+02.1595	+00.0107	0001.282
+02.1568	+00.0107	0001.283
+02.1540	+00.0104	0001.284
+02.1510	+00.0104	0001.285
+02.1482	+00.0113	0001.286
+02.1449	+00.0107	0001.287
+02.1415	+00.0113	0001.288
+02.1385	+00.0104	0001.289
+02.1360	+00.0104	0001.290
+02.1324	+00.0104	0001.291
+02.1296	+00.0110	0001.292
+02.1269	+00.0107	0001.293
+02.1238	+00.0110	0001.294
+02.1208	+00.0107	0001.295
+02.1183	+00.0101	0001.296
+02.1144	+00.0107	0001.297
+02.1116	+00.0107	0001.298
+02.1086	+00.0107	0001.299
+02.1052	+00.0104	0001.300
+02.1028	+00.0107	0001.301
+02.0994	+00.0110	0001.302
+02.0967	+00.0107	0001.303
+02.0942	+00.0107	0001.304
+02.0903	+00.0107	0001.305
+02.0878	+00.0104	0001.306
+02.0851	+00.0107	0001.307
+02.0811	+00.0107	0001.308
+02.0784	+00.0101	0001.309
+02.0756	+00.0107	0001.310
+02.0729	+00.0104	0001.311
+02.0692	+00.0113	0001.312
+02.0671	+00.0107	0001.313
+02.0634	+00.0104	0001.314
+02.0613	+00.0104	0001.315
+02.0576	+00.0107	0001.316
+02.0549	+00.0104	0001.317
+02.0518	+00.0104	0001.318
+02.0491	+00.0104	0001.319
+02.0457	+00.0104	0001.320
+02.0424	+00.0104	0001.321
+02.0399	+00.0107	0001.322
+02.0369	+00.0107	0001.323
+02.0335	+00.0104	0001.324
+02.0311	+00.0107	0001.325
+02.0280	+00.0104	0001.326
+02.0253	+00.0104	0001.327
+02.0219	+00.0104	0001.328
+02.0185	+00.0104	0001.329
+02.0155	+00.0104	0001.330
+02.0131	+00.0107	0001.331
+02.0103	+00.0104	0001.332
+02.0069	+00.0107	0001.333
+02.0033	+00.0107	0001.334
+02.0002	+00.0107	0001.335
+01.9975	+00.0104	0001.336
+01.9947	+00.0101	0001.337
+01.9917	+00.0107	0001.338
+01.9883	+00.0104	0001.339
+01.9862	+00.0104	0001.340
+01.9828	+00.0101	0001.341
+01.9795	+00.0107	0001.342
+01.9770	+00.0107	0001.343
+01.9737	+00.0104	0001.344
+01.9706	+00.0104	0001.345
+01.9670	+00.0101	0001.346
+01.9642	+00.0107	0001.347
+01.9621	+00.0107	0001.348
+01.9590	+00.0104	0001.349
+01.9554	+00.0101	0001.350
+01.9529	+00.0104	0001.351
+01.9502	+00.0107	0001.352
+01.9465	+00.0107	0001.353
+01.9438	+00.0107	0001.354
+01.9407	+00.0107	0001.355
+01.9377	+00.0107	0001.356
+01.9346	+00.0104	0001.357
+01.9316	+00.0104	0001.358
+01.9285	+00.0107	0001.359
+01.9258	+00.0101	0001.360
+01.9227	+00.0104	0001.361
+01.9200	+00.0098	0001.362
+01.9169	+00.0104	0001.363
+01.9136	+00.0104	0001.364
+01.9102	+00.0101	0001.365
+01.9084	+00.0104	0001.366
+01.9044	+00.0107	0001.367
+01.9014	+00.0104	0001.368
+01.8989	+00.0110	0001.369
+01.8953	+00.0104	0001.370
+01.8922	+00.0104	0001.371
+01.8895	+00.0101	0001.372
+01.8870	+00.0101	0001.373
+01.8830	+00.0104	0001.374
+01.8806	+00.0104	0001.375
+01.8773	+00.0101	0001.376
+01.8742	+00.0101	0001.377
+01.8718	+00.0104	0001.378
+01.8687	+00.0104	0001.379
+01.8653	+00.0101	0001.380
+01.8626	+00.0101	0001.381
+01.8592	+00.0107	0001.382
+01.8565	+00.0101	0001.383
+01.8534	+00.0107	0001.384
+01.8504	+00.0104	0001.385
+01.8483	+00.0101	0001.386
+01.8443	+00.0101	0001.387
+01.8412	+00.0104	0001.388
+01.8382	+00.0101	0001.389
+01.8357	+00.0104	0001.390
+01.8327	+00.0101	0001.391
+01.8293	+00.0101	0001.392
+01.8266	+00.0101	0001.393
+01.8229	+00.0101	0001.394
+01.8205	+00.0101	0001.395
+01.8174	+00.0101	0001.396
+01.8144	+00.0098	0001.397
+01.8116	+00.0101	0001.398
+01.8083	+00.0101	0001.399
+01.8055	+00.0101	0001.400
+01.8031	+00.0098	0001.401
+01.7991	+00.0101	0001.402
+01.7961	+00.0101	0001.403
+01.7930	+00.0104	0001.404
+01.7903	+00.0101	0001.405
+01.7881	+00.0101	0001.406
+01.7848	+00.0101	0001.407
+01.7817	+00.0101	0001.408
+01.7784	+00.0101	0001.409
+01.7756	+00.0098	0001.410
+01.7723	+00.0098	0001.411
+01.7689	+00.0098	0001.412
+01.7668	+00.0098	0001.413
+01.7631	+00.0098	0001.414
+01.7604	+00.0098	0001.415
+01.7576	+00.0098	0001.416
+01.7546	+00.0098	0001.417
+01.7509	+00.0095	0001.418
+01.7485	+00.0101	0001.419
+01.7454	+00.0110	0001.420
+01.7427	+00.0104	0001.421
+01.7393	+00.0095	0001.422
+01.7360	+00.0101	0001.423
+01.7332	+00.0095	0001.424
+01.7305	+00.0098	0001.425
+01.7277	+00.0098	0001.426
+01.7241	+00.0095	0001.427
+01.7210	+00.0101	0001.428
+01.7179	+00.0098	0001.429
+01.7155	+00.0098	0001.430
+01.7128	+00.0098	0001.431
+01.7094	+00.0101	0001.432
+01.7064	+00.0095	0001.433
+01.7033	+00.0101	0001.434
+01.7009	+00.0101	0001.435
+01.6975	+00.0098	0001.436
+01.6944	+00.0098	0001.437
+01.6920	+00.0098	0001.438
+01.6883	+00.0101	0001.439
+01.6856	+00.0098	0001.440
+01.6822	+00.0095	0001.441
+01.6789	+00.0098	0001.442
+01.6761	+00.0101	0001.443
+01.6734	+00.0095	0001.444
+01.6703	+00.0098	0001.445
+01.6670	+00.0098	0001.446
+01.6648	+00.0098	0001.447
+01.6612	+00.0095	0001.448
+01.6581	+00.0098	0001.449
+01.6554	+00.0098	0001.450
+01.6523	+00.0095	0001.451
+01.6487	+00.0098	0001.452
+01.6462	+00.0098	0001.453
+01.6435	+00.0098	0001.454
+01.6404	+00.0095	0001.455
+01.6374	+00.0092	0001.456
+01.6340	+00.0098	0001.457
+01.6310	+00.0098	0001.458
+01.6282	+00.0098	0001.459
+01.6246	+00.0095	0001.460
+01.6221	+00.0095	0001.461
+01.6188	+00.0095	0001.462
+01.6163	+00.0098	0001.463
+01.6133	+00.0095	0001.464
+01.6105	+00.0095	0001.465
+01.6072	+00.0095	0001.466
+01.6044	+00.0095	0001.467
+01.6014	+00.0101	0001.468
+01.5983	+00.0098	0001.469
+01.5953	+00.0095	0001.470
+01.5919	+00.0098	0001.471
+01.5895	+00.0095	0001.472
+01.5861	+00.0095	0001.473
+01.5831	+00.0092	0001.474
+01.5806	+00.0095	0001.475
+01.5767	+00.0095	0001.476
+01.5739	+00.0095	0001.477
+01.5705	+00.0095	0001.478
+01.5684	+00.0092	0001.479
+01.5654	+00.0092	0001.480
+01.5614	+00.0098	0001.481
+01.5590	+00.0095	0001.482
+01.5559	+00.0095	0001.483
+01.5532	+00.0092	0001.484
+01.5501	+00.0092	0001.485
+01.5467	+00.0092	0001.486
+01.5440	+00.0092	0001.487
+01.5409	+00.0092	0001.488
+01.5379	+00.0095	0001.489
+01.5355	+00.0095	0001.490
+01.5318	+00.0098	0001.491
+01.5290	+00.0095	0001.492
+01.5257	+00.0095	0001.493
+01.5229	+00.0098	0001.494
+01.5202	+00.0095	0001.495
+01.5171	+00.0092	0001.496
+01.5141	+00.0095	0001.497
+01.5110	+00.0092	0001.498
+01.5077	+00.0095	0001.499
+01.5049	+00.0095	0001.500
+01.5019	+00.0095	0001.501
+01.4991	+00.0098	0001.502
+01.4964	+00.0092	0001.503
+01.4930	+00.0092	0001.504
+01.4900	+00.0092	0001.505
+01.4872	+00.0089	0001.506
+01.4839	+00.0092	0001.507
+01.4808	+00.0092	0001.508
+01.4778	+00.0095	0001.509
+01.4750	+00.0092	0001.510
+01.4720	+00.0095	0001.511
+01.4689	+00.0095	0001.512
+01.4665	+00.0092	0001.513
+01.4628	+00.0089	0001.514
+01.4601	+00.0098	0001.515
+01.4564	+00.0098	0001.516
+01.4543	+00.0089	0001.517
+01.4503	+00.0092	0001.518
+01.4482	+00.0089	0001.519
+01.4454	+00.0092	0001.520
+01.4421	+00.0095	0001.521
+01.4390	+00.0092	0001.522
+01.4360	+00.0089	0001.523
+01.4326	+00.0092	0001.524
+01.4302	+00.0092	0001.525
+01.4268	+00.0092	0001.526
+01.4241	+00.0092	0001.527
+01.4207	+00.0089	0001.528
+01.4180	+00.0098	0001.529
+01.4149	+00.0089	0001.530
+01.4122	+00.0092	0001.531
+01.4085	+00.0089	0001.532
+01.4058	+00.0089	0001.533
+01.4030	+00.0095	0001.534
+01.4000	+00.0092	0001.535
+01.3963	+00.0092	0001.536
+01.3942	+00.0092	0001.537
+01.3911	+00.0089	0001.538
+01.3884	+00.0089	0001.539
+01.3844	+00.0092	0001.540
+01.3819	+00.0092	0001.541
+01.3789	+00.0089	0001.542
+01.3758	+00.0089	0001.543
+01.3725	+00.0092	0001.544
+01.3694	+00.0089	0001.545
+01.3667	+00.0089	0001.546
+01.3633	+00.0092	0001.547
+01.3609	+00.0089	0001.548
+01.3578	+00.0089	0001.549
+01.3548	+00.0089	0001.550
+01.3517	+00.0089	0001.551
+01.3493	+00.0092	0001.552
+01.3459	+00.0086	0001.553
+01.3426	+00.0086	0001.554
+01.3398	+00.0092	0001.555
+01.3368	+00.0086	0001.556
+01.3337	+00.0092	0001.557
+01.3310	+00.0086	0001.558
+01.3279	+00.0086	0001.559
+01.3249	+00.0086	0001.560
+01.3218	+00.0086	0001.561
+01.3188	+00.0089	0001.562
+01.3157	+00.0089	0001.563
+01.3124	+00.0089	0001.564
+01.3099	+00.0089	0001.565
+01.3072	+00.0089	0001.566
+01.3035	+00.0086	0001.567
+01.3008	+00.0089	0001.568
+01.2977	+00.0083	0001.569
+01.2950	+00.0083	0001.570
+01.2913	+00.0089	0001.571
+01.2886	+00.0086	0001.572
+01.2858	+00.0086	0001.573
+01.2822	+00.0086	0001.574
+01.2797	+00.0086	0001.575
+01.2770	+00.0086	0001.576
+01.2736	+00.0086	0001.577
+01.2709	+00.0083	0001.578
+01.2678	+00.0089	0001.579
+01.2648	+00.0086	0001.580
+01.2617	+00.0089	0001.581
+01.2587	+00.0086	0001.582
+01.2556	+00.0086	0001.583
+01.2526	+00.0083	0001.584
+01.2498	+00.0086	0001.585
+01.2465	+00.0086	0001.586
+01.2434	+00.0086	0001.587
+01.2403	+00.0086	0001.588
+01.2379	+00.0080	0001.589
+01.2349	+00.0086	0001.590
+01.2315	+00.0086	0001.591
+01.2291	+00.0086	0001.592
+01.2251	+00.0089	0001.593
+01.2223	+00.0086	0001.594
+01.2193	+00.0083	0001.595
+01.2168	+00.0086	0001.596
+01.2138	+00.0083	0001.597
+01.2107	+00.0083	0001.598
+01.2074	+00.0086	0001.599
+01.2049	+00.0083	0001.600
+01.2013	+00.0086	0001.601
+01.1991	+00.0086	0001.602
+01.1955	+00.0086	0001.603
+01.1924	+00.0083	0001.604
+01.1897	+00.0086	0001.605
+01.1863	+00.0083	0001.606
+01.1836	+00.0080	0001.607
+01.1808	+00.0083	0001.608
+01.1775	+00.0083	0001.609
+01.1747	+00.0086	0001.610
+01.1717	+00.0083	0001.611
+01.1686	+00.0083	0001.612
+01.1656	+00.0080	0001.613
+01.1625	+00.0086	0001.614
+01.1598	+00.0083	0001.615
+01.1564	+00.0086	0001.616
+01.1534	+00.0080	0001.617
+01.1509	+00.0086	0001.618
+01.1479	+00.0083	0001.619
+01.1448	+00.0083	0001.620
+01.1412	+00.0089	0001.621
+01.1387	+00.0086	0001.622
+01.1351	+00.0086	0001.623
+01.1320	+00.0083	0001.624
+01.1296	+00.0080	0001.625
+01.1271	+00.0080	0001.626
+01.1238	+00.0083	0001.627
+01.1204	+00.0086	0001.628
+01.1174	+00.0080	0001.629
+01.1140	+00.0083	0001.630
+01.1116	+00.0083	0001.631
+01.1088	+00.0083	0001.632
+01.1058	+00.0080	0001.633
+01.1024	+00.0086	0001.634
+01.0991	+00.0083	0001.635
+01.0963	+00.0086	0001.636
+01.0942	+00.0080	0001.637
+01.0908	+00.0086	0001.638
+01.0881	+00.0077	0001.639
+01.0844	+00.0086	0001.640
+01.0814	+00.0083	0001.641
+01.0783	+00.0083	0001.642
+01.0765	+00.0083	0001.643
+01.0725	+00.0083	0001.644
+01.0698	+00.0080	0001.645
+01.0661	+00.0080	0001.646
+01.0633	+00.0080	0001.647
+01.0609	+00.0080	0001.648
+01.0575	+00.0083	0001.649
+01.0545	+00.0083	0001.650
+01.0511	+00.0083	0001.651
+01.0484	+00.0080	0001.652
+01.0447	+00.0080	0001.653
+01.0426	+00.0083	0001.654
+01.0395	+00.0080	0001.655
+01.0365	+00.0083	0001.656
+01.0334	+00.0077	0001.657
+01.0301	+00.0083	0001.658
+01.0273	+00.0083	0001.659
+01.0246	+00.0083	0001.660
+01.0215	+00.0080	0001.661
+01.0185	+00.0083	0001.662
+01.0151	+00.0083	0001.663
+01.0118	+00.0080	0001.664
+01.0093	+00.0077	0001.665
+01.0069	+00.0080	0001.666
+01.0032	+00.0080	0001.667
+01.0005	+00.0077	0001.668
+00.9974	+00.0095	0001.669
+00.9944	+00.0077	0001.670
+00.9910	+00.0083	0001.671
+00.9889	+00.0077	0001.672
+00.9855	+00.0083	0001.673
+00.9825	+00.0077	0001.674
+00.9788	+00.0080	0001.675
+00.9767	+00.0077	0001.676
+00.9733	+00.0080	0001.677
+00.9706	+00.0077	0001.678
+00.9678	+00.0077	0001.679
+00.9645	+00.0080	0001.680
+00.9617	+00.0080	0001.681
+00.9578	+00.0080	0001.682
+00.9556	+00.0074	0001.683
+00.9523	+00.0077	0001.684
+00.9495	+00.0077	0001.685
+00.9462	+00.0080	0001.686
+00.9431	+00.0083	0001.687
+00.9404	+00.0077	0001.688
+00.9367	+00.0077	0001.689
+00.9340	+00.0077	0001.690
+00.9312	+00.0077	0001.691
+00.9282	+00.0074	0001.692
+00.9254	+00.0074	0001.693
+00.9227	+00.0074	0001.694
+00.9190	+00.0080	0001.695
+00.9159	+00.0074	0001.696
+00.9132	+00.0077	0001.697
+00.9101	+00.0077	0001.698
+00.9071	+00.0077	0001.699
+00.9037	+00.0077	0001.700
+00.9013	+00.0077	0001.701
+00.8979	+00.0074	0001.702
+00.8952	+00.0077	0001.703
+00.8918	+00.0077	0001.704
+00.8888	+00.0074	0001.705
+00.8857	+00.0077	0001.706
+00.8833	+00.0071	0001.707
+00.8802	+00.0077	0001.708
+00.8772	+00.0077	0001.709
+00.8744	+00.0077	0001.710
+00.8705	+00.0074	0001.711
+00.8677	+00.0074	0001.712
+00.8653	+00.0077	0001.713
+00.8619	+00.0080	0001.714
+00.8595	+00.0077	0001.715
+00.8561	+00.0074	0001.716
+00.8531	+00.0074	0001.717
+00.8500	+00.0077	0001.718
+00.8467	+00.0074	0001.719
+00.8439	+00.0074	0001.720
+00.8409	+00.0077	0001.721
+00.8381	+00.0074	0001.722
+00.8351	+00.0077	0001.723
+00.8320	+00.0074	0001.724
+00.8287	+00.0074	0001.725
+00.8262	+00.0074	0001.726
+00.8229	+00.0077	0001.727
+00.8201	+00.0077	0001.728
+00.8171	+00.0077	0001.729
+00.8137	+00.0074	0001.730
+00.8113	+00.0074	0001.731
+00.8082	+00.0077	0001.732
+00.8046	+00.0071	0001.733
+00.8021	+00.0074	0001.734
+00.7985	+00.0074	0001.735
+00.7954	+00.0071	0001.736
+00.7936	+00.0077	0001.737
+00.7899	+00.0074	0001.738
+00.7872	+00.0071	0001.739
+00.7838	+00.0074	0001.740
+00.7808	+00.0071	0001.741
+00.7780	+00.0074	0001.742
+00.7756	+00.0071	0001.743
+00.7722	+00.0077	0001.744
+00.7692	+00.0074	0001.745
+00.7658	+00.0071	0001.746
+00.7631	+00.0077	0001.747
+00.7600	+00.0074	0001.748
+00.7573	+00.0071	0001.749
+00.7536	+00.0071	0001.750
+00.7512	+00.0071	0001.751
+00.7484	+00.0077	0001.752
+00.7454	+00.0071	0001.753
+00.7426	+00.0074	0001.754
+00.7392	+00.0071	0001.755
+00.7359	+00.0077	0001.756
+00.7325	+00.0071	0001.757
+00.7298	+00.0068	0001.758
+00.7267	+00.0071	0001.759
+00.7243	+00.0071	0001.760
+00.7209	+00.0071	0001.761
+00.7179	+00.0077	0001.762
+00.7151	+00.0071	0001.763
+00.7118	+00.0071	0001.764
+00.7087	+00.0074	0001.765
+00.7063	+00.0071	0001.766
+00.7032	+00.0071	0001.767
+00.7002	+00.0071	0001.768
+00.6971	+00.0071	0001.769
+00.6941	+00.0074	0001.770
+00.6904	+00.0074	0001.771
+00.6877	+00.0068	0001.772
+00.6846	+00.0068	0001.773
+00.6819	+00.0068	0001.774
+00.6785	+00.0071	0001.775
+00.6758	+00.0074	0001.776
+00.6730	+00.0068	0001.777
+00.6697	+00.0068	0001.778
+00.6666	+00.0064	0001.779
+00.6636	+00.0068	0001.780
+00.6608	+00.0068	0001.781
+00.6581	+00.0071	0001.782
+00.6547	+00.0071	0001.783
+00.6517	+00.0068	0001.784
+00.6492	+00.0068	0001.785
+00.6462	+00.0068	0001.786
+00.6428	+00.0074	0001.787
+00.6398	+00.0071	0001.788
+00.6370	+00.0071	0001.789
+00.6337	+00.0064	0001.790
+00.6309	+00.0071	0001.791
+00.6276	+00.0064	0001.792
+00.6245	+00.0068	0001.793
+00.6215	+00.0071	0001.794
+00.6190	+00.0071	0001.795
+00.6157	+00.0068	0001.796
+00.6126	+00.0064	0001.797
+00.6095	+00.0064	0001.798
+00.6068	+00.0071	0001.799
+00.6034	+00.0071	0001.800
+00.6004	+00.0068	0001.801
+00.5980	+00.0064	0001.802
+00.5946	+00.0064	0001.803
+00.5918	+00.0068	0001.804
+00.5888	+00.0061	0001.805
+00.5857	+00.0068	0001.806
+00.5824	+00.0064	0001.807
+00.5803	+00.0068	0001.808
+00.5763	+00.0068	0001.809
+00.5738	+00.0061	0001.810
+00.5714	+00.0068	0001.811
+00.5674	+00.0061	0001.812
+00.5647	+00.0064	0001.813
+00.5619	+00.0068	0001.814
+00.5586	+00.0068	0001.815
+00.5558	+00.0061	0001.816
+00.5525	+00.0064	0001.817
+00.5500	+00.0068	0001.818
+00.5464	+00.0064	0001.819
+00.5433	+00.0064	0001.820
+00.5409	+00.0064	0001.821
+00.5378	+00.0064	0001.822
+00.5348	+00.0068	0001.823
+00.5314	+00.0064	0001.824
+00.5293	+00.0068	0001.825
+00.5256	+00.0064	0001.826
+00.5223	+00.0064	0001.827
+00.5195	+00.0061	0001.828
+00.5165	+00.0068	0001.829
+00.5131	+00.0064	0001.830
+00.5107	+00.0064	0001.831
+00.5076	+00.0068	0001.832
+00.5046	+00.0064	0001.833
+00.5018	+00.0068	0001.834
+00.4991	+00.0064	0001.835
+00.4960	+00.0064	0001.836
+00.4927	+00.0061	0001.837
+00.4896	+00.0068	0001.838
+00.4863	+00.0061	0001.839
+00.4832	+00.0058	0001.840
+00.4808	+00.0064	0001.841
+00.4774	+00.0064	0001.842
+00.4744	+00.0061	0001.843
+00.4716	+00.0061	0001.844
+00.4683	+00.0058	0001.845
+00.4658	+00.0064	0001.846
+00.4625	+00.0064	0001.847
+00.4591	+00.0064	0001.848
+00.4576	+00.0064	0001.849
+00.4539	+00.0061	0001.850
+00.4509	+00.0061	0001.851
+00.4472	+00.0061	0001.852
+00.4444	+00.0061	0001.853
+00.4414	+00.0058	0001.854
+00.4390	+00.0061	0001.855
+00.4356	+00.0064	0001.856
+00.4329	+00.0064	0001.857
+00.4295	+00.0061	0001.858
+00.4261	+00.0058	0001.859
+00.4237	+00.0064	0001.860
+00.4210	+00.0058	0001.861
+00.4176	+00.0061	0001.862
+00.4148	+00.0061	0001.863
+00.4118	+00.0058	0001.864
+00.4081	+00.0061	0001.865
+00.4057	+00.0061	0001.866
+00.4029	+00.0061	0001.867
+00.3993	+00.0061	0001.868
+00.3965	+00.0058	0001.869
+00.3938	+00.0061	0001.870
+00.3907	+00.0061	0001.871
+00.3877	+00.0064	0001.872
+00.3849	+00.0058	0001.873
+00.3813	+00.0058	0001.874
+00.3782	+00.0061	0001.875
+00.3758	+00.0055	0001.876
+00.3721	+00.0058	0001.877
+00.3697	+00.0058	0001.878
+00.3663	+00.0061	0001.879
+00.3636	+00.0058	0001.880
+00.3602	+00.0061	0001.881
+00.3578	+00.0058	0001.882
+00.3544	+00.0058	0001.883
+00.3514	+00.0061	0001.884
+00.3483	+00.0055	0001.885
+00.3456	+00.0058	0001.886
+00.3428	+00.0061	0001.887
+00.3392	+00.0058	0001.888
+00.3361	+00.0055	0001.889
+00.3337	+00.0055	0001.890
+00.3306	+00.0061	0001.891
+00.3273	+00.0061	0001.892
+00.3245	+00.0055	0001.893
+00.3212	+00.0058	0001.894
+00.3181	+00.0058	0001.895
+00.3154	+00.0058	0001.896
+00.3126	+00.0055	0001.897
+00.3093	+00.0058	0001.898
+00.3065	+00.0055	0001.899
+00.3035	+00.0058	0001.900
+00.3001	+00.0058	0001.901
+00.2977	+00.0055	0001.902
+00.2943	+00.0058	0001.903
+00.2913	+00.0058	0001.904
+00.2879	+00.0055	0001.905
+00.2855	+00.0058	0001.906
+00.2827	+00.0058	0001.907
+00.2793	+00.0055	0001.908
+00.2760	+00.0052	0001.909
+00.2732	+00.0055	0001.910
+00.2702	+00.0058	0001.911
+00.2671	+00.0052	0001.912
+00.2641	+00.0055	0001.913
+00.2610	+00.0058	0001.914
+00.2583	+00.0052	0001.915
+00.2552	+00.0055	0001.916
+00.2522	+00.0052	0001.917
+00.2491	+00.0058	0001.918
+00.2470	+00.0058	0001.919
+00.2436	+00.0058	0001.920
+00.2400	+00.0055	0001.921
+00.2372	+00.0058	0001.922
+00.2345	+00.0055	0001.923
+00.2311	+00.0043	0001.924
+00.2287	+00.0052	0001.925
+00.2250	+00.0058	0001.926
+00.2223	+00.0052	0001.927
+00.2198	+00.0055	0001.928
+00.2165	+00.0055	0001.929
+00.2131	+00.0052	0001.930
+00.2104	+00.0055	0001.931
+00.2070	+00.0055	0001.932
+00.2043	+00.0052	0001.933
+00.2015	+00.0055	0001.934
+00.1979	+00.0052	0001.935
+00.1951	+00.0055	0001.936
+00.1921	+00.0052	0001.937
+00.1893	+00.0052	0001.938
+00.1863	+00.0058	0001.939
+00.1832	+00.0055	0001.940
+00.1802	+00.0055	0001.941
+00.1768	+00.0055	0001.942
+00.1741	+00.0055	0001.943
+00.1713	+00.0052	0001.944
+00.1683	+00.0055	0001.945
+00.1652	+00.0052	0001.946
+00.1619	+00.0052	0001.947
+00.1585	+00.0052	0001.948
+00.1561	+00.0052	0001.949
+00.1536	+00.0052	0001.950
+00.1496	+00.0052	0001.951
+00.1472	+00.0052	0001.952
+00.1442	+00.0049	0001.953
+00.1408	+00.0052	0001.954
+00.1381	+00.0052	0001.955
+00.1350	+00.0052	0001.956
+00.1323	+00.0049	0001.957
+00.1292	+00.0055	0001.958
+00.1258	+00.0052	0001.959
+00.1231	+00.0055	0001.960
+00.1204	+00.0052	0001.961
+00.1173	+00.0052	0001.962
+00.1142	+00.0049	0001.963
+00.1106	+00.0049	0001.964
+00.1081	+00.0052	0001.965
+00.1051	+00.0052	0001.966
+00.1023	+00.0049	0001.967
+00.0993	+00.0052	0001.968
+00.0959	+00.0049	0001.969
+00.0935	+00.0052	0001.970
+00.0895	+00.0046	0001.971
+00.0874	+00.0046	0001.972
+00.0843	+00.0052	0001.973
+00.0810	+00.0049	0001.974
+00.0782	+00.0052	0001.975
+00.0749	+00.0049	0001.976
+00.0718	+00.0046	0001.977
+00.0691	+00.0052	0001.978
+00.0660	+00.0052	0001.979
+00.0630	+00.0049	0001.980
+00.0596	+00.0052	0001.981
+00.0572	+00.0046	0001.982
+00.0538	+00.0046	0001.983
+00.0514	+00.0052	0001.984
+00.0486	+00.0049	0001.985
+00.0450	+00.0052	0001.986
+00.0419	+00.0043	0001.987
+00.0389	+00.0046	0001.988
+00.0358	+00.0046	0001.989
+00.0334	+00.0046	0001.990
+00.0297	+00.0046	0001.991
+00.0270	+00.0049	0001.992
+00.0236	+00.0046	0001.993
+00.0206	+00.0046	0001.994
+00.0181	+00.0046	0001.995
+00.0151	+00.0046	0001.996
+00.0120	+00.0046	0001.997
+00.0090	+00.0046	0001.998
+00.0062	+00.0046	0001.999
