R,Ohm	C,pF	Temp,C
0000000000	0000100000	+099.28
Ch1,V	Ch2,V	Time,s
-00.0002	-00.0009	0000.000
-00.0002	-00.0012	0000.001
+00.0026	-00.0012	0000.002
+00.0056	-00.0009	0000.003
+00.0087	-00.0006	0000.004
+00.0120	-00.0006	0000.005
+00.0151	-00.0009	0000.006
+00.0178	-00.0009	0000.007
+00.0206	-00.0006	0000.008
+00.0233	-00.0009	0000.009
+00.0264	-00.0009	0000.010
+00.0297	-00.0006	0000.011
+00.0334	-00.0009	0000.012
+00.0358	-00.0006	0000.013
+00.0389	-00.0009	0000.014
+00.0416	-00.0009	0000.015
+00.0450	-00.0009	0000.016
+00.0477	-00.0009	0000.017
+00.0505	-00.0009	0000.018
+00.0535	-00.0012	0000.019
+00.0566	-00.0009	0000.020
+00.0596	-00.0003	0000.021
+00.0627	-00.0006	0000.022
+00.0660	-00.0006	0000.023
+00.0694	-00.0009	0000.024
+00.0712	-00.0003	0000.025
+00.0746	-00.0006	0000.026
+00.0779	-00.0009	0000.027
+00.0804	-00.0006	0000.028
+00.0840	-00.0009	0000.029
+00.0868	-00.0006	0000.030
+00.0898	-00.0003	0000.031
+00.0932	-00.0003	0000.032
+00.0962	-00.0003	0000.033
+00.0987	-00.0003	0000.034
+00.1020	-00.0006	0000.035
+00.1051	-00.0003	0000.036
+00.1078	-00.0006	0000.037
+00.1109	-00.0006	0000.038
+00.1139	-00.0006	0000.039
+00.1167	+00.0000	0000.040
+00.1200	-00.0003	0000.041
+00.1228	-00.0003	0000.042
+00.1262	+00.0000	0000.043
+00.1289	-00.0006	0000.044
+00.1323	-00.0003	0000.045
+00.1347	-00.0003	0000.046
+00.1381	-00.0003	0000.047
+00.1414	-00.0006	0000.048
+00.1439	-00.0003	0000.049
+00.1472	+00.0000	0000.050
+00.1500	-00.0006	0000.051
+00.1527	+00.0000	0000.052
+00.1558	+00.0000	0000.053
+00.1588	-00.0006	0000.054
+00.1619	-00.0006	0000.055
+00.1646	-00.0003	0000.056
+00.1683	-00.0003	0000.057
+00.1710	-00.0003	0000.058
+00.1744	-00.0003	0000.059
+00.1768	+00.0000	0000.060
+00.1796	-00.0003	0000.061
+00.1829	+00.0000	0000.062
+00.1860	-00.0003	0000.063
+00.1890	-00.0003	0000.064
+00.1921	+00.0000	0000.065
+00.1945	-00.0003	0000.066
+00.1979	+00.0000	0000.067
+00.2009	+00.0000	0000.068
+00.2040	+00.0000	0000.069
+00.2070	+00.0003	0000.070
+00.2101	+00.0003	0000.071
+00.2128	+00.0003	0000.072
+00.2156	+00.0000	0000.073
+00.2189	-00.0003	0000.074
+00.2223	+00.0000	0000.075
+00.2250	+00.0000	0000.076
+00.2284	+00.0000	0000.077
+00.2311	+00.0003	0000.078
+00.2333	+00.0003	0000.079
+00.2372	+00.0000	0000.080
+00.2397	+00.0000	0000.081
+00.2427	+00.0006	0000.082
+00.2461	+00.0006	0000.083
+00.2491	+00.0003	0000.084
+00.2519	+00.0006	0000.085
+00.2546	+00.0003	0000.086
+00.2580	+00.0003	0000.087
+00.2607	+00.0003	0000.088
+00.2641	+00.0006	0000.089
+00.2665	+00.0003	0000.090
+00.2705	+00.0006	0000.091
+00.2732	+00.0003	0000.092
+00.2760	+00.0003	0000.093
+00.2793	+00.0003	0000.094
+00.2821	+00.0006	0000.095
+00.2848	+00.0000	0000.096
+00.2882	+00.0010	0000.097
+00.2909	+00.0003	0000.098
+00.2940	+00.0006	0000.099
+00.2970	+00.0006	0000.100
+00.3004	+00.0006	0000.101
+00.3028	+00.0003	0000.102
+00.3062	+00.0006	0000.103
+00.3096	+00.0010	0000.104
+00.3123	+00.0003	0000.105
+00.3154	+00.0010	0000.106
+00.3178	+00.0006	0000.107
+00.3205	+00.0003	0000.108
+00.3239	+00.0010	0000.109
+00.3273	+00.0006	0000.110
+00.3303	+00.0010	0000.111
+00.3331	+00.0010	0000.112
+00.3361	+00.0010	0000.113
+00.3389	+00.0010	0000.114
+00.3422	+00.0010	0000.115
+00.3450	+00.0013	0000.116
+00.3483	+00.0013	0000.117
+00.3514	+00.0006	0000.118
+00.3541	+00.0013	0000.119
+00.3572	+00.0010	0000.120
+00.3602	+00.0016	0000.121
+00.3633	+00.0006	0000.122
+00.3660	+00.0010	0000.123
+00.3694	+00.0006	0000.124
+00.3718	+00.0013	0000.125
+00.3752	+00.0010	0000.126
+00.3782	+00.0010	0000.127
+00.3813	+00.0013	0000.128
+00.3843	+00.0013	0000.129
+00.3874	+00.0013	0000.130
+00.3898	+00.0010	0000.131
+00.3935	+00.0016	0000.132
+00.3965	+00.0010	0000.133
+00.3993	+00.0022	0000.134
+00.4020	+00.0016	0000.135
+00.4051	+00.0016	0000.136
+00.4087	+00.0013	0000.137
+00.4112	+00.0010	0000.138
+00.4139	+00.0016	0000.139
+00.4173	+00.0016	0000.140
+00.4203	+00.0010	0000.141
+00.4234	+00.0016	0000.142
+00.4264	+00.0022	0000.143
+00.4295	+00.0016	0000.144
+00.4322	+00.0019	0000.145
+00.4347	+00.0013	0000.146
+00.4387	+00.0016	0000.147
+00.4414	+00.0019	0000.148
+00.4441	+00.0016	0000.149
+00.4472	+00.0019	0000.150
+00.4502	+00.0013	0000.151
+00.4533	+00.0019	0000.152
+00.4567	+00.0019	0000.153
+00.4594	+00.0019	0000.154
+00.4618	+00.0016	0000.155
+00.4652	+00.0022	0000.156
+00.4686	+00.0022	0000.157
+00.4719	+00.0019	0000.158
+00.4744	+00.0022	0000.159
+00.4774	+00.0016	0000.160
+00.4805	+00.0019	0000.161
+00.4832	+00.0022	0000.162
+00.4860	+00.0019	0000.163
+00.4896	+00.0022	0000.164
+00.4924	+00.0022	0000.165
+00.4951	+00.0019	0000.166
+00.4982	+00.0022	0000.167
+00.5015	+00.0022	0000.168
+00.5046	+00.0022	0000.169
+00.5073	+00.0025	0000.170
+00.5107	+00.0019	0000.171
+00.5128	+00.0025	0000.172
+00.5165	+00.0025	0000.173
+00.5195	+00.0025	0000.174
+00.5229	+00.0025	0000.175
+00.5256	+00.0025	0000.176
+00.5284	+00.0022	0000.177
+00.5314	+00.0028	0000.178
+00.5345	+00.0025	0000.179
+00.5372	+00.0028	0000.180
+00.5406	+00.0025	0000.181
+00.5436	+00.0028	0000.182
+00.5464	+00.0025	0000.183
+00.5491	+00.0022	0000.184
+00.5522	+00.0031	0000.185
+00.5555	+00.0028	0000.186
+00.5589	+00.0031	0000.187
+00.5610	+00.0028	0000.188
+00.5647	+00.0028	0000.189
+00.5671	+00.0031	0000.190
+00.5702	+00.0031	0000.191
+00.5735	+00.0028	0000.192
+00.5760	+00.0031	0000.193
+00.5799	+00.0028	0000.194
+00.5827	+00.0034	0000.195
+00.5854	+00.0028	0000.196
+00.5891	+00.0031	0000.197
+00.5912	+00.0028	0000.198
+00.5943	+00.0034	0000.199
+00.5973	+00.0034	0000.200
+00.6004	+00.0031	0000.201
+00.6038	+00.0034	0000.202
+00.6056	+00.0028	0000.203
+00.6099	+00.0031	0000.204
+00.6126	+00.0031	0000.205
+00.6157	+00.0031	0000.206
+00.6184	+00.0031	0000.207
+00.6215	+00.0034	0000.208
+00.6248	+00.0037	0000.209
+00.6272	+00.0031	0000.210
+00.6306	+00.0034	0000.211
+00.6334	+00.0034	0000.212
+00.6367	+00.0031	0000.213
+00.6398	+00.0037	0000.214
+00.6422	+00.0034	0000.215
+00.6453	+00.0034	0000.216
+00.6489	+00.0040	0000.217
+00.6517	+00.0037	0000.218
+00.6547	+00.0037	0000.219
+00.6575	+00.0037	0000.220
+00.6602	+00.0037	0000.221
+00.6639	+00.0034	0000.222
+00.6666	+00.0037	0000.223
+00.6697	+00.0040	0000.224
+00.6727	+00.0040	0000.225
+00.6758	+00.0040	0000.226
+00.6788	+00.0040	0000.227
+00.6819	+00.0037	0000.228
+00.6849	+00.0040	0000.229
+00.6877	+00.0037	0000.230
+00.6907	+00.0040	0000.231
+00.6935	+00.0043	0000.232
+00.6971	+00.0040	0000.233
+00.6999	+00.0043	0000.234
+00.7023	+00.0040	0000.235
+00.7057	+00.0043	0000.236
+00.7084	+00.0037	0000.237
+00.7115	+00.0040	0000.238
+00.7148	+00.0043	0000.239
+00.7176	+00.0046	0000.240
+00.7209	+00.0043	0000.241
+00.7237	+00.0043	0000.242
+00.7267	+00.0040	0000.243
+00.7292	+00.0043	0000.244
+00.7328	+00.0043	0000.245
+00.7359	+00.0043	0000.246
+00.7386	+00.0046	0000.247
+00.7417	+00.0046	0000.248
+00.7450	+00.0049	0000.249
+00.7475	+00.0043	0000.250
+00.7502	+00.0049	0000.251
+00.7536	+00.0046	0000.252
+00.7560	+00.0043	0000.253
+00.7594	+00.0049	0000.254
+00.7627	+00.0046	0000.255
+00.7658	+00.0049	0000.256
+00.7689	+00.0046	0000.257
+00.7719	+00.0052	0000.258
+00.7746	+00.0052	0000.259
+00.7777	+00.0049	0000.260
+00.7801	+00.0049	0000.261
+00.7832	+00.0055	0000.262
+00.7866	+00.0052	0000.263
+00.7896	+00.0049	0000.264
+00.7933	+00.0046	0000.265
+00.7957	+00.0052	0000.266
+00.7985	+00.0052	0000.267
+00.8018	+00.0052	0000.268
+00.8046	+00.0055	0000.269
+00.8082	+00.0052	0000.270
+00.8107	+00.0052	0000.271
+00.8137	+00.0052	0000.272
+00.8165	+00.0055	0000.273
+00.8198	+00.0068	0000.274
+00.8229	+00.0055	0000.275
+00.8256	+00.0055	0000.276
+00.8290	+00.0055	0000.277
+00.8311	+00.0058	0000.278
+00.8348	+00.0058	0000.279
+00.8378	+00.0058	0000.280
+00.8406	+00.0061	0000.281
+00.8436	+00.0058	0000.282
+00.8467	+00.0058	0000.283
+00.8494	+00.0058	0000.284
+00.8525	+00.0058	0000.285
+00.8558	+00.0061	0000.286
+00.8589	+00.0064	0000.287
+00.8619	+00.0061	0000.288
+00.8653	+00.0055	0000.289
+00.8677	+00.0058	0000.290
+00.8711	+00.0061	0000.291
+00.8738	+00.0064	0000.292
+00.8766	+00.0064	0000.293
+00.8802	+00.0064	0000.294
+00.8830	+00.0064	0000.295
+00.8857	+00.0064	0000.296
+00.8891	+00.0068	0000.297
+00.8918	+00.0064	0000.298
+00.8949	+00.0068	0000.299
+00.8979	+00.0071	0000.300
+00.9013	+00.0064	0000.301
+00.9037	+00.0071	0000.302
+00.9065	+00.0068	0000.303
+00.9105	+00.0071	0000.304
+00.9123	+00.0071	0000.305
+00.9163	+00.0068	0000.306
+00.9184	+00.0064	0000.307
+00.9220	+00.0071	0000.308
+00.9251	+00.0071	0000.309
+00.9278	+00.0074	0000.310
+00.9306	+00.0071	0000.311
+00.9336	+00.0074	0000.312
+00.9370	+00.0074	0000.313
+00.9404	+00.0061	0000.314
+00.9428	+00.0071	0000.315
+00.9465	+00.0077	0000.316
+00.9489	+00.0077	0000.317
+00.9520	+00.0077	0000.318
+00.9547	+00.0074	0000.319
+00.9581	+00.0074	0000.320
+00.9611	+00.0077	0000.321
+00.9642	+00.0077	0000.322
+00.9669	+00.0080	0000.323
+00.9703	+00.0077	0000.324
+00.9727	+00.0083	0000.325
+00.9761	+00.0080	0000.326
+00.9791	+00.0080	0000.327
+00.9819	+00.0077	0000.328
+00.9849	+00.0083	0000.329
+00.9883	+00.0083	0000.330
+00.9907	+00.0089	0000.331
+00.9944	+00.0086	0000.332
+00.9965	+00.0080	0000.333
+00.9996	+00.0092	0000.334
+01.0032	+00.0083	0000.335
+01.0063	+00.0086	0000.336
+01.0096	+00.0089	0000.337
+01.0121	+00.0089	0000.338
+01.0148	+00.0086	0000.339
+01.0179	+00.0083	0000.340
+01.0212	+00.0092	0000.341
+01.0246	+00.0086	0000.342
+01.0270	+00.0089	0000.343
+01.0298	+00.0086	0000.344
+01.0334	+00.0092	0000.345
+01.0359	+00.0095	0000.346
+01.0389	+00.0095	0000.347
+01.0423	+00.0095	0000.348
+01.0447	+00.0095	0000.349
+01.0478	+00.0098	0000.350
+01.0511	+00.0098	0000.351
+01.0548	+00.0098	0000.352
+01.0575	+00.0095	0000.353
+01.0603	+00.0101	0000.354
+01.0630	+00.0098	0000.355
+01.0667	+00.0101	0000.356
+01.0688	+00.0104	0000.357
+01.0722	+00.0104	0000.358
+01.0752	+00.0104	0000.359
+01.0783	+00.0104	0000.360
+01.0807	+00.0107	0000.361
+01.0838	+00.0107	0000.362
+01.0871	+00.0110	0000.363
+01.0902	+00.0113	0000.364
+01.0933	+00.0113	0000.365
+01.0966	+00.0116	0000.366
+01.0987	+00.0113	0000.367
+01.1021	+00.0119	0000.368
+01.1052	+00.0113	0000.369
+01.1085	+00.0119	0000.370
+01.1119	+00.0122	0000.371
+01.1143	+00.0122	0000.372
+01.1174	+00.0119	0000.373
+01.1204	+00.0125	0000.374
+01.1232	+00.0129	0000.375
+01.1256	+00.0135	0000.376
+01.1293	+00.0132	0000.377
+01.1320	+00.0132	0000.378
+01.1351	+00.0138	0000.379
+01.1381	+00.0138	0000.380
+01.1412	+00.0138	0000.381
+01.1445	+00.0138	0000.382
+01.1473	+00.0141	0000.383
+01.1503	+00.0144	0000.384
+01.1534	+00.0144	0000.385
+01.1558	+00.0153	0000.386
+01.1589	+00.0147	0000.387
+01.1622	+00.0153	0000.388
+01.1653	+00.0156	0000.389
+01.1686	+00.0159	0000.390
+01.1717	+00.0159	0000.391
+01.1744	+00.0162	0000.392
+01.1778	+00.0165	0000.393
+01.1802	+00.0162	0000.394
+01.1836	+00.0171	0000.395
+01.1863	+00.0171	0000.396
+01.1888	+00.0177	0000.397
+01.1921	+00.0187	0000.398
+01.1955	+00.0187	0000.399
+01.1985	+00.0193	0000.400
+01.2016	+00.0196	0000.401
+01.2040	+00.0202	0000.402
+01.2074	+00.0202	0000.403
+01.2104	+00.0205	0000.404
+01.2138	+00.0211	0000.405
+01.2165	+00.0217	0000.406
+01.2193	+00.0223	0000.407
+01.2220	+00.0370	0000.408
+01.2248	+00.1145	0000.409
+01.2288	+00.1349	0000.410
+01.2315	+00.1441	0000.411
+01.2342	+00.1511	0000.412
+01.2376	+00.1584	0000.413
+01.2400	+00.1639	0000.414
+01.2434	+00.1703	0000.415
+01.2465	+00.1755	0000.416
+01.2495	+00.1789	0000.417
+01.2526	+00.1822	0000.418
+01.2547	+00.1847	0000.419
+01.2584	+00.1871	0000.420
+01.2614	+00.1889	0000.421
+01.2645	+00.1914	0000.422
+01.2672	+00.1932	0000.423
+01.2703	+00.1950	0000.424
+01.2733	+00.1969	0000.425
+01.2764	+00.1984	0000.426
+01.2794	+00.2002	0000.427
+01.2819	+00.2011	0000.428
+01.2855	+00.2024	0000.429
+01.2889	+00.2036	0000.430
+01.2913	+00.2054	0000.431
+01.2947	+00.2063	0000.432
+01.2977	+00.2079	0000.433
+01.3008	+00.2088	0000.434
+01.3032	+00.2103	0000.435
+01.3069	+00.2115	0000.436
+01.3093	+00.2130	0000.437
+01.3127	+00.2137	0000.438
+01.3154	+00.2152	0000.439
+01.3188	+00.2164	0000.440
+01.3215	+00.2176	0000.441
+01.3249	+00.2185	0000.442
+01.3273	+00.2201	0000.443
+01.3301	+00.2210	0000.444
+01.3334	+00.2231	0000.445
+01.3368	+00.2243	0000.446
+01.3395	+00.2256	0000.447
+01.3426	+00.2268	0000.448
+01.3450	+00.2283	0000.449
+01.3487	+00.2298	0000.450
+01.3511	+00.2304	0000.451
+01.3548	+00.2335	0000.452
+01.3578	+00.2350	0000.453
+01.3609	+00.2362	0000.454
+01.3630	+00.2378	0000.455
+01.3667	+00.2399	0000.456
+01.3697	+00.2411	0000.457
+01.3728	+00.2430	0000.458
+01.3758	+00.2442	0000.459
+01.3786	+00.2457	0000.460
+01.3819	+00.2478	0000.461
+01.3844	+00.2488	0000.462
+01.3877	+00.2506	0000.463
+01.3911	+00.2521	0000.464
+01.3939	+00.2530	0000.465
+01.3969	+00.2546	0000.466
+01.3996	+00.2561	0000.467
+01.4027	+00.2573	0000.468
+01.4058	+00.2585	0000.469
+01.4091	+00.2600	0000.470
+01.4116	+00.2616	0000.471
+01.4143	+00.2631	0000.472
+01.4174	+00.2637	0000.473
+01.4207	+00.2652	0000.474
+01.4238	+00.2661	0000.475
+01.4268	+00.2674	0000.476
+01.4293	+00.2683	0000.477
+01.4329	+00.2701	0000.478
+01.4357	+00.2707	0000.479
+01.4384	+00.2726	0000.480
+01.4418	+00.2735	0000.481
+01.4448	+00.2747	0000.482
+01.4479	+00.2753	0000.483
+01.4506	+00.2765	0000.484
+01.4531	+00.2777	0000.485
+01.4567	+00.2787	0000.486
+01.4598	+00.2799	0000.487
+01.4625	+00.2808	0000.488
+01.4656	+00.2817	0000.489
+01.4689	+00.2829	0000.490
+01.4720	+00.2832	0000.491
+01.4744	+00.2848	0000.492
+01.4772	+00.2848	0000.493
+01.4811	+00.2860	0000.494
+01.4836	+00.2869	0000.495
+01.4866	+00.2884	0000.496
+01.4894	+00.2893	0000.497
+01.4933	+00.2906	0000.498
+01.4958	+00.2915	0000.499
+01.4988	+00.2924	0000.500
+01.5019	+00.2930	0000.501
+01.5043	+00.2936	0000.502
+01.5074	+00.2948	0000.503
+01.5110	+00.2958	0000.504
+01.5135	+00.2964	0000.505
+01.5165	+00.2973	0000.506
+01.5196	+00.2979	0000.507
+01.5226	+00.2988	0000.508
+01.5260	+00.3000	0000.509
+01.5284	+00.3012	0000.510
+01.5318	+00.3016	0000.511
+01.5348	+00.3028	0000.512
+01.5382	+00.3034	0000.513
+01.5406	+00.3049	0000.514
+01.5443	+00.3052	0000.515
+01.5464	+00.3061	0000.516
+01.5495	+00.3073	0000.517
+01.5535	+00.3083	0000.518
+01.5559	+00.3092	0000.519
+01.5586	+00.3104	0000.520
+01.5623	+00.3110	0000.521
+01.5644	+00.3116	0000.522
+01.5678	+00.3119	0000.523
+01.5709	+00.3125	0000.524
+01.5733	+00.3135	0000.525
+01.5763	+00.3141	0000.526
+01.5800	+00.3144	0000.527
+01.5825	+00.3153	0000.528
+01.5861	+00.3156	0000.529
+01.5895	+00.3165	0000.530
+01.5919	+00.3168	0000.531
+01.5950	+00.3174	0000.532
+01.5977	+00.3177	0000.533
+01.6011	+00.3186	0000.534
+01.6041	+00.3193	0000.535
+01.6066	+00.3196	0000.536
+01.6096	+00.3196	0000.537
+01.6130	+00.3202	0000.538
+01.6157	+00.3208	0000.539
+01.6194	+00.3214	0000.540
+01.6221	+00.3226	0000.541
+01.6252	+00.3223	0000.542
+01.6279	+00.3235	0000.543
+01.6307	+00.3241	0000.544
+01.6340	+00.3254	0000.545
+01.6371	+00.3263	0000.546
+01.6401	+00.3293	0000.547
+01.6432	+00.3308	0000.548
+01.6459	+00.3324	0000.549
+01.6493	+00.3333	0000.550
+01.6520	+00.3342	0000.551
+01.6551	+00.3348	0000.552
+01.6581	+00.3357	0000.553
+01.6609	+00.3357	0000.554
+01.6642	+00.3366	0000.555
+01.6670	+00.3376	0000.556
+01.6700	+00.3382	0000.557
+01.6731	+00.3388	0000.558
+01.6761	+00.3400	0000.559
+01.6786	+00.3406	0000.560
+01.6822	+00.3418	0000.561
+01.6850	+00.3418	0000.562
+01.6880	+00.3431	0000.563
+01.6911	+00.3431	0000.564
+01.6944	+00.3440	0000.565
+01.6969	+00.3452	0000.566
+01.7002	+00.3449	0000.567
+01.7030	+00.3461	0000.568
+01.7064	+00.3461	0000.569
+01.7088	+00.3464	0000.570
+01.7125	+00.3470	0000.571
+01.7149	+00.3476	0000.572
+01.7183	+00.3482	0000.573
+01.7213	+00.3489	0000.574
+01.7244	+00.3492	0000.575
+01.7268	+00.3495	0000.576
+01.7302	+00.3504	0000.577
+01.7326	+00.3504	0000.578
+01.7363	+00.3510	0000.579
+01.7393	+00.3516	0000.580
+01.7418	+00.3522	0000.581
+01.7451	+00.3525	0000.582
+01.7482	+00.3531	0000.583
+01.7515	+00.3537	0000.584
+01.7540	+00.3537	0000.585
+01.7564	+00.3547	0000.586
+01.7604	+00.3550	0000.587
+01.7631	+00.3556	0000.588
+01.7662	+00.3565	0000.589
+01.7689	+00.3568	0000.590
+01.7720	+00.3574	0000.591
+01.7747	+00.3577	0000.592
+01.7784	+00.3580	0000.593
+01.7811	+00.3592	0000.594
+01.7845	+00.3595	0000.595
+01.7872	+00.3604	0000.596
+01.7906	+00.3608	0000.597
+01.7927	+00.3617	0000.598
+01.7961	+00.3620	0000.599
+01.7988	+00.3632	0000.600
+01.8025	+00.3638	0000.601
+01.8049	+00.3754	0000.602
+01.8086	+00.3809	0000.603
+01.8116	+00.3830	0000.604
+01.8141	+00.3836	0000.605
+01.8168	+00.3849	0000.606
+01.8196	+00.3873	0000.607
+01.8229	+00.4044	0000.608
+01.8260	+00.4114	0000.609
+01.8290	+00.4126	0000.610
+01.8321	+00.4139	0000.611
+01.8351	+00.4139	0000.612
+01.8379	+00.4151	0000.613
+01.8412	+00.4148	0000.614
+01.8443	+00.4154	0000.615
+01.8473	+00.4157	0000.616
+01.8504	+00.4154	0000.617
+01.8528	+00.4160	0000.618
+01.8565	+00.4160	0000.619
+01.8589	+00.4172	0000.620
+01.8617	+00.4169	0000.621
+01.8657	+00.4166	0000.622
+01.8684	+00.4169	0000.623
+01.8718	+00.4178	0000.624
+01.8739	+00.4178	0000.625
+01.8773	+00.4175	0000.626
+01.8803	+00.4178	0000.627
+01.8834	+00.4181	0000.628
+01.8864	+00.4181	0000.629
+01.8895	+00.4184	0000.630
+01.8919	+00.4184	0000.631
+01.8946	+00.4187	0000.632
+01.8983	+00.4187	0000.633
+01.9014	+00.4193	0000.634
+01.9041	+00.4190	0000.635
+01.9072	+00.4193	0000.636
+01.9099	+00.4193	0000.637
+01.9133	+00.4190	0000.638
+01.9157	+00.4197	0000.639
+01.9194	+00.4200	0000.640
+01.9221	+00.4197	0000.641
+01.9261	+00.4203	0000.642
+01.9279	+00.4203	0000.643
+01.9313	+00.4203	0000.644
+01.9346	+00.4203	0000.645
+01.9371	+00.4203	0000.646
+01.9404	+00.4206	0000.647
+01.9438	+00.4203	0000.648
+01.9462	+00.4209	0000.649
+01.9493	+00.4206	0000.650
+01.9526	+00.4212	0000.651
+01.9551	+00.4215	0000.652
+01.9581	+00.4212	0000.653
+01.9615	+00.4212	0000.654
+01.9639	+00.4212	0000.655
+01.9667	+00.4218	0000.656
+01.9706	+00.4215	0000.657
+01.9731	+00.4215	0000.658
+01.9764	+00.4221	0000.659
+01.9792	+00.4215	0000.660
+01.9825	+00.4224	0000.661
+01.9853	+00.4215	0000.662
+01.9883	+00.4224	0000.663
+01.9914	+00.4221	0000.664
+01.9944	+00.4224	0000.665
+01.9969	+00.4221	0000.666
+02.0002	+00.4224	0000.667
+02.0036	+00.4224	0000.668
+02.0063	+00.4227	0000.669
+02.0094	+00.4227	0000.670
+02.0127	+00.4224	0000.671
+02.0158	+00.4224	0000.672
+02.0182	+00.4230	0000.673
+02.0207	+00.4233	0000.674
+02.0250	+00.4230	0000.675
+02.0277	+00.4233	0000.676
+02.0301	+00.4233	0000.677
+02.0332	+00.4233	0000.678
+02.0369	+00.4233	0000.679
+02.0393	+00.4236	0000.680
+02.0420	+00.4233	0000.681
+02.0451	+00.4236	0000.682
+02.0488	+00.4236	0000.683
+02.0506	+00.4239	0000.684
+02.0543	+00.4239	0000.685
+02.0573	+00.4236	0000.686
+02.0604	+00.4242	0000.687
+02.0634	+00.4245	0000.688
+02.0665	+00.4239	0000.689
+02.0695	+00.4245	0000.690
+02.0720	+00.4245	0000.691
+02.0753	+00.4242	0000.692
+02.0787	+00.4245	0000.693
+02.0814	+00.4245	0000.694
+02.0842	+00.4248	0000.695
+02.0875	+00.4248	0000.696
+02.0906	+00.4248	0000.697
+02.0936	+00.4248	0000.698
+02.0964	+00.4248	0000.699
+02.0994	+00.4248	0000.700
+02.1022	+00.4251	0000.701
+02.1052	+00.4255	0000.702
+02.1080	+00.4251	0000.703
+02.1119	+00.4258	0000.704
+02.1144	+00.4255	0000.705
+02.1168	+00.4251	0000.706
+02.1208	+00.4255	0000.707
+02.1235	+00.4258	0000.708
+02.1263	+00.4255	0000.709
+02.1296	+00.4258	0000.710
+02.1324	+00.4258	0000.711
+02.1360	+00.4264	0000.712
+02.1382	+00.4264	0000.713
+02.1418	+00.4261	0000.714
+02.1443	+00.4261	0000.715
+02.1476	+00.4261	0000.716
+02.1504	+00.4261	0000.717
+02.1537	+00.4261	0000.718
+02.1568	+00.4261	0000.719
+02.1589	+00.4267	0000.720
+02.1620	+00.4267	0000.721
+02.1653	+00.4267	0000.722
+02.1687	+00.4267	0000.723
+02.1717	+00.4264	0000.724
+02.1748	+00.4273	0000.725
+02.1772	+00.4270	0000.726
+02.1803	+00.4270	0000.727
+02.1836	+00.4270	0000.728
+02.1867	+00.4273	0000.729
+02.1901	+00.4270	0000.730
+02.1922	+00.4273	0000.731
+02.1959	+00.4276	0000.732
+02.1989	+00.4273	0000.733
+02.2013	+00.4273	0000.734
+02.2047	+00.4276	0000.735
+02.2078	+00.4276	0000.736
+02.2105	+00.4273	0000.737
+02.2129	+00.4276	0000.738
+02.2166	+00.4279	0000.739
+02.2194	+00.4282	0000.740
+02.2227	+00.4279	0000.741
+02.2255	+00.4282	0000.742
+02.2282	+00.4279	0000.743
+02.2313	+00.4279	0000.744
+02.2346	+00.4282	0000.745
+02.2377	+00.4285	0000.746
+02.2407	+00.4285	0000.747
+02.2438	+00.4282	0000.748
+02.2462	+00.4285	0000.749
+02.2496	+00.4282	0000.750
+02.2526	+00.4285	0000.751
+02.2563	+00.4288	0000.752
+02.2587	+00.4288	0000.753
+02.2615	+00.4288	0000.754
+02.2648	+00.4288	0000.755
+02.2670	+00.4288	0000.756
+02.2706	+00.4291	0000.757
+02.2737	+00.4288	0000.758
+02.2767	+00.4297	0000.759
+02.2801	+00.4288	0000.760
+02.2828	+00.4291	0000.761
+02.2859	+00.4294	0000.762
+02.2886	+00.4294	0000.763
+02.2917	+00.4294	0000.764
+02.2944	+00.4294	0000.765
+02.2978	+00.4294	0000.766
+02.3005	+00.4297	0000.767
+02.3039	+00.4297	0000.768
+02.3069	+00.4297	0000.769
+02.3100	+00.4297	0000.770
+02.3127	+00.4297	0000.771
+02.3158	+00.4297	0000.772
+02.3194	+00.4300	0000.773
+02.3216	+00.4297	0000.774
+02.3246	+00.4300	0000.775
+02.3283	+00.4300	0000.776
+02.3314	+00.4300	0000.777
+02.3338	+00.4306	0000.778
+02.3368	+00.4306	0000.779
+02.3402	+00.4300	0000.780
+02.3423	+00.4303	0000.781
+02.3457	+00.4303	0000.782
+02.3491	+00.4306	0000.783
+02.3515	+00.4306	0000.784
+02.3545	+00.4306	0000.785
+02.3582	+00.4312	0000.786
+02.3610	+00.4306	0000.787
+02.3634	+00.4309	0000.788
+02.3664	+00.4306	0000.789
+02.3695	+00.4312	0000.790
+02.3722	+00.4312	0000.791
+02.3759	+00.4309	0000.792
+02.3793	+00.4312	0000.793
+02.3823	+00.4316	0000.794
+02.3845	+00.4312	0000.795
+02.3878	+00.4312	0000.796
+02.3909	+00.4316	0000.797
+02.3939	+00.4316	0000.798
+02.3967	+00.4316	0000.799
+02.3997	+00.4312	0000.800
+02.4028	+00.4316	0000.801
+02.4055	+00.4322	0000.802
+02.4086	+00.4319	0000.803
+02.4119	+00.4319	0000.804
+02.4153	+00.4300	0000.805
+02.4177	+00.4322	0000.806
+02.4205	+00.4319	0000.807
+02.4241	+00.4325	0000.808
+02.4263	+00.4325	0000.809
+02.4302	+00.4325	0000.810
+02.4327	+00.4325	0000.811
+02.4360	+00.4325	0000.812
+02.4394	+00.4325	0000.813
+02.4412	+00.4331	0000.814
+02.4446	+00.4328	0000.815
+02.4482	+00.4325	0000.816
+02.4510	+00.4331	0000.817
+02.4540	+00.4328	0000.818
+02.4571	+00.4331	0000.819
+02.4598	+00.4325	0000.820
+02.4626	+00.4331	0000.821
+02.4656	+00.4331	0000.822
+02.4687	+00.4331	0000.823
+02.4720	+00.4334	0000.824
+02.4751	+00.4337	0000.825
+02.4772	+00.4334	0000.826
+02.4809	+00.4334	0000.827
+02.4839	+00.4337	0000.828
+02.4870	+00.4334	0000.829
+02.4897	+00.4343	0000.830
+02.4928	+00.4343	0000.831
+02.4958	+00.4337	0000.832
+02.4992	+00.4337	0000.833
+02.5019	+00.4343	0000.834
+02.5050	+00.4343	0000.835
+02.5090	+00.4340	0000.836
+02.5108	+00.4340	0000.837
+02.5142	+00.4343	0000.838
+02.5163	+00.4346	0000.839
+02.5193	+00.4337	0000.840
+02.5236	+00.4346	0000.841
+02.5254	+00.4343	0000.842
+02.5291	+00.4346	0000.843
+02.5319	+00.4349	0000.844
+02.5355	+00.4349	0000.845
+02.5380	+00.4346	0000.846
+02.5413	+00.4346	0000.847
+02.5441	+00.4355	0000.848
+02.5468	+00.4352	0000.849
+02.5499	+00.4349	0000.850
+02.5535	+00.4352	0000.851
+02.5560	+00.4352	0000.852
+02.5590	+00.4352	0000.853
+02.5615	+00.4352	0000.854
+02.5651	+00.4352	0000.855
+02.5685	+00.4355	0000.856
+02.5712	+00.4355	0000.857
+02.5743	+00.4355	0000.858
+02.5773	+00.4355	0000.859
+02.5801	+00.4355	0000.860
+02.5828	+00.4364	0000.861
+02.5859	+00.4355	0000.862
+02.5886	+00.4358	0000.863
+02.5926	+00.4361	0000.864
+02.5953	+00.4358	0000.865
+02.5984	+00.4361	0000.866
+02.6011	+00.4358	0000.867
+02.6042	+00.4364	0000.868
+02.6069	+00.4361	0000.869
+02.6103	+00.4361	0000.870
+02.6136	+00.4364	0000.871
+02.6158	+00.4367	0000.872
+02.6194	+00.4367	0000.873
+02.6225	+00.4367	0000.874
+02.6252	+00.4370	0000.875
+02.6283	+00.4374	0000.876
+02.6310	+00.4367	0000.877
+02.6338	+00.4370	0000.878
+02.6371	+00.4370	0000.879
+02.6399	+00.4370	0000.880
+02.6432	+00.4374	0000.881
+02.6463	+00.4374	0000.882
+02.6493	+00.4377	0000.883
+02.6518	+00.4374	0000.884
+02.6548	+00.4377	0000.885
+02.6585	+00.4374	0000.886
+02.6609	+00.4380	0000.887
+02.6643	+00.4380	0000.888
+02.6670	+00.4377	0000.889
+02.6698	+00.4377	0000.890
+02.6728	+00.4377	0000.891
+02.6759	+00.4383	0000.892
+02.6796	+00.4383	0000.893
+02.6823	+00.4383	0000.894
+02.6854	+00.4383	0000.895
+02.6881	+00.4386	0000.896
+02.6912	+00.4386	0000.897
+02.6936	+00.4386	0000.898
+02.6973	+00.4383	0000.899
+02.7000	+00.4386	0000.900
+02.7034	+00.4389	0000.901
+02.7061	+00.4386	0000.902
+02.7098	+00.4389	0000.903
+02.7119	+00.4392	0000.904
+02.7156	+00.4386	0000.905
+02.7180	+00.4392	0000.906
+02.7214	+00.4392	0000.907
+02.7244	+00.4392	0000.908
+02.7272	+00.4389	0000.909
+02.7302	+00.4395	0000.910
+02.7327	+00.4398	0000.911
+02.7363	+00.4395	0000.912
+02.7394	+00.4395	0000.913
+02.7424	+00.4398	0000.914
+02.7455	+00.4398	0000.915
+02.7485	+00.4398	0000.916
+02.7519	+00.4395	0000.917
+02.7549	+00.4401	0000.918
+02.7568	+00.4398	0000.919
+02.7604	+00.4404	0000.920
+02.7632	+00.4404	0000.921
+02.7659	+00.4401	0000.922
+02.7693	+00.4401	0000.923
+02.7723	+00.4404	0000.924
+02.7757	+00.4404	0000.925
+02.7784	+00.4407	0000.926
+02.7818	+00.4404	0000.927
+02.7839	+00.4410	0000.928
+02.7879	+00.4407	0000.929
+02.7909	+00.4407	0000.930
+02.7928	+00.4407	0000.931
+02.7964	+00.4404	0000.932
+02.7995	+00.4413	0000.933
+02.8028	+00.4410	0000.934
+02.8053	+00.4416	0000.935
+02.8083	+00.4410	0000.936
+02.8114	+00.4419	0000.937
+02.8148	+00.4413	0000.938
+02.8175	+00.4419	0000.939
+02.8209	+00.4416	0000.940
+02.8242	+00.4419	0000.941
+02.8260	+00.4416	0000.942
+02.8291	+00.4422	0000.943
+02.8325	+00.4422	0000.944
+02.8355	+00.4422	0000.945
+02.8389	+00.4422	0000.946
+02.8416	+00.4422	0000.947
+02.8453	+00.4428	0000.948
+02.8477	+00.4425	0000.949
+02.8498	+00.4428	0000.950
+02.8535	+00.4425	0000.951
+02.8566	+00.4428	0000.952
+02.8605	+00.4432	0000.953
+02.8617	+00.4432	0000.954
+02.8648	+00.4428	0000.955
+02.8685	+00.4435	0000.956
+02.8718	+00.4432	0000.957
+02.8749	+00.4438	0000.958
+02.8782	+00.4435	0000.959
+02.8810	+00.4435	0000.960
+02.8837	+00.4441	0000.961
+02.8865	+00.4441	0000.962
+02.8898	+00.4441	0000.963
+02.8932	+00.4441	0000.964
+02.8959	+00.4444	0000.965
+02.8990	+00.4441	0000.966
+02.9020	+00.4447	0000.967
+02.9045	+00.4447	0000.968
+02.9072	+00.4447	0000.969
+02.9106	+00.4453	0000.970
+02.9139	+00.4450	0000.971
+02.9164	+00.4450	0000.972
+02.9203	+00.4453	0000.973
+02.9231	+00.4459	0000.974
+02.9252	+00.4453	0000.975
+02.9286	+00.4456	0000.976
+02.9322	+00.4459	0000.977
+02.9347	+00.4462	0000.978
+02.9377	+00.4459	0000.979
+02.9408	+00.4462	0000.980
+02.9435	+00.4465	0000.981
+02.9469	+00.4465	0000.982
+02.9496	+00.4468	0000.983
+02.9527	+00.4468	0000.984
+02.9557	+00.4465	0000.985
+02.9588	+00.4471	0000.986
+02.9618	+00.4471	0000.987
+02.9652	+00.4474	0000.988
+02.9676	+00.4474	0000.989
+02.9704	+00.4477	0000.990
+02.9731	+00.4480	0000.991
+02.9765	+00.4480	0000.992
+02.9795	+00.4477	0000.993
+02.9832	+00.4480	0000.994
+02.9860	+00.4486	0000.995
+02.9887	+00.4486	0000.996
+02.9914	+00.4490	0000.997
+02.9948	+00.4490	0000.998
+02.9979	+00.4490	0000.999
+03.0009	+00.4490	0001.000
+03.0037	+00.4496	0001.001
+03.0009	+00.4496	0001.002
+02.9979	+00.4499	0001.003
+02.9954	+00.4502	0001.004
+02.9918	+00.4505	0001.005
+02.9899	+00.4502	0001.006
+02.9863	+00.4505	0001.007
+02.9838	+00.4502	0001.008
+02.9805	+00.4508	0001.009
+02.9771	+00.4508	0001.010
+02.9737	+00.4508	0001.011
+02.9713	+00.4511	0001.012
+02.9679	+00.4511	0001.013
+02.9649	+00.4508	0001.014
+02.9618	+00.4514	0001.015
+02.9591	+00.4508	0001.016
+02.9564	+00.4517	0001.017
+02.9530	+00.4517	0001.018
+02.9509	+00.4520	0001.019
+02.9472	+00.4520	0001.020
+02.9444	+00.4520	0001.021
+02.9417	+00.4517	0001.022
+02.9380	+00.4520	0001.023
+02.9347	+00.4517	0001.024
+02.9325	+00.4523	0001.025
+02.9295	+00.4523	0001.026
+02.9261	+00.4520	0001.027
+02.9231	+00.4523	0001.028
+02.9194	+00.4526	0001.029
+02.9173	+00.4532	0001.030
+02.9142	+00.4523	0001.031
+02.9115	+00.4529	0001.032
+02.9090	+00.4529	0001.033
+02.9051	+00.4529	0001.034
+02.9020	+00.4529	0001.035
+02.8987	+00.4529	0001.036
+02.8956	+00.4529	0001.037
+02.8929	+00.4529	0001.038
+02.8898	+00.4529	0001.039
+02.8865	+00.4532	0001.040
+02.8831	+00.4535	0001.041
+02.8807	+00.4535	0001.042
+02.8782	+00.4535	0001.043
+02.8752	+00.4532	0001.044
+02.8715	+00.4538	0001.045
+02.8688	+00.4538	0001.046
+02.8660	+00.4541	0001.047
+02.8627	+00.4538	0001.048
+02.8605	+00.4541	0001.049
+02.8569	+00.4541	0001.050
+02.8541	+00.4541	0001.051
+02.8511	+00.4541	0001.052
+02.8477	+00.4541	0001.053
+02.8453	+00.4541	0001.054
+02.8416	+00.4541	0001.055
+02.8392	+00.4544	0001.056
+02.8355	+00.4544	0001.057
+02.8328	+00.4544	0001.058
+02.8300	+00.4544	0001.059
+02.8267	+00.4544	0001.060
+02.8245	+00.4547	0001.061
+02.8212	+00.4544	0001.062
+02.8184	+00.4547	0001.063
+02.8148	+00.4532	0001.064
+02.8117	+00.4547	0001.065
+02.8086	+00.4547	0001.066
+02.8053	+00.4551	0001.067
+02.8025	+00.4547	0001.068
+02.7998	+00.4547	0001.069
+02.7964	+00.4544	0001.070
+02.7940	+00.4551	0001.071
+02.7900	+00.4551	0001.072
+02.7876	+00.4551	0001.073
+02.7851	+00.4547	0001.074
+02.7824	+00.4547	0001.075
+02.7793	+00.4551	0001.076
+02.7757	+00.4551	0001.077
+02.7732	+00.4551	0001.078
+02.7699	+00.4551	0001.079
+02.7665	+00.4554	0001.080
+02.7632	+00.4551	0001.081
+02.7607	+00.4557	0001.082
+02.7577	+00.4551	0001.083
+02.7549	+00.4554	0001.084
+02.7519	+00.4551	0001.085
+02.7485	+00.4557	0001.086
+02.7458	+00.4554	0001.087
+02.7421	+00.4551	0001.088
+02.7397	+00.4554	0001.089
+02.7369	+00.4560	0001.090
+02.7342	+00.4554	0001.091
+02.7311	+00.4554	0001.092
+02.7278	+00.4560	0001.093
+02.7244	+00.4557	0001.094
+02.7214	+00.4560	0001.095
+02.7189	+00.4551	0001.096
+02.7153	+00.4557	0001.097
+02.7122	+00.4554	0001.098
+02.7095	+00.4557	0001.099
+02.7061	+00.4557	0001.100
+02.7034	+00.4557	0001.101
+02.7009	+00.4554	0001.102
+02.6976	+00.4554	0001.103
+02.6954	+00.4557	0001.104
+02.6915	+00.4560	0001.105
+02.6887	+00.4560	0001.106
+02.6854	+00.4557	0001.107
+02.6829	+00.4557	0001.108
+02.6793	+00.4557	0001.109
+02.6768	+00.4560	0001.110
+02.6735	+00.4557	0001.111
+02.6695	+00.4557	0001.112
+02.6667	+00.4557	0001.113
+02.6643	+00.4560	0001.114
+02.6619	+00.4563	0001.115
+02.6585	+00.4560	0001.116
+02.6554	+00.4557	0001.117
+02.6521	+00.4560	0001.118
+02.6503	+00.4560	0001.119
+02.6469	+00.4557	0001.120
+02.6435	+00.4560	0001.121
+02.6405	+00.4563	0001.122
+02.6374	+00.4563	0001.123
+02.6341	+00.4560	0001.124
+02.6316	+00.4560	0001.125
+02.6283	+00.4560	0001.126
+02.6258	+00.4563	0001.127
+02.6231	+00.4560	0001.128
+02.6194	+00.4563	0001.129
+02.6164	+00.4560	0001.130
+02.6136	+00.4557	0001.131
+02.6100	+00.4560	0001.132
+02.6072	+00.4560	0001.133
+02.6048	+00.4557	0001.134
+02.6017	+00.4563	0001.135
+02.5984	+00.4560	0001.136
+02.5956	+00.4560	0001.137
+02.5926	+00.4560	0001.138
+02.5895	+00.4557	0001.139
+02.5865	+00.4560	0001.140
+02.5831	+00.4563	0001.141
+02.5804	+00.4563	0001.142
+02.5776	+00.4560	0001.143
+02.5740	+00.4560	0001.144
+02.5715	+00.4560	0001.145
+02.5685	+00.4563	0001.146
+02.5651	+00.4563	0001.147
+02.5627	+00.4560	0001.148
+02.5590	+00.4557	0001.149
+02.5566	+00.4563	0001.150
+02.5532	+00.4560	0001.151
+02.5511	+00.4560	0001.152
+02.5474	+00.4563	0001.153
+02.5447	+00.4560	0001.154
+02.5416	+00.4563	0001.155
+02.5392	+00.4557	0001.156
+02.5352	+00.4566	0001.157
+02.5322	+00.4560	0001.158
+02.5294	+00.4560	0001.159
+02.5261	+00.4560	0001.160
+02.5236	+00.4566	0001.161
+02.5209	+00.4560	0001.162
+02.5175	+00.4563	0001.163
+02.5142	+00.4563	0001.164
+02.5114	+00.4563	0001.165
+02.5087	+00.4560	0001.166
+02.5053	+00.4563	0001.167
+02.5026	+00.4563	0001.168
+02.4995	+00.4563	0001.169
+02.4961	+00.4566	0001.170
+02.4934	+00.4566	0001.171
+02.4907	+00.4557	0001.172
+02.4876	+00.4560	0001.173
+02.4842	+00.4566	0001.174
+02.4812	+00.4563	0001.175
+02.4784	+00.4560	0001.176
+02.4751	+00.4563	0001.177
+02.4723	+00.4560	0001.178
+02.4693	+00.4563	0001.179
+02.4659	+00.4566	0001.180
+02.4632	+00.4563	0001.181
+02.4601	+00.4560	0001.182
+02.4571	+00.4563	0001.183
+02.4546	+00.4563	0001.184
+02.4516	+00.4563	0001.185
+02.4482	+00.4563	0001.186
+02.4452	+00.4563	0001.187
+02.4424	+00.4563	0001.188
+02.4391	+00.4563	0001.189
+02.4363	+00.4560	0001.190
+02.4330	+00.4563	0001.191
+02.4302	+00.4560	0001.192
+02.4269	+00.4560	0001.193
+02.4244	+00.4569	0001.194
+02.4211	+00.4560	0001.195
+02.4180	+00.4563	0001.196
+02.4156	+00.4566	0001.197
+02.4125	+00.4560	0001.198
+02.4089	+00.4563	0001.199
+02.4061	+00.4563	0001.200
+02.4031	+00.4566	0001.201
+02.4006	+00.4560	0001.202
+02.3973	+00.4563	0001.203
+02.3945	+00.4566	0001.204
+02.3912	+00.4560	0001.205
+02.3881	+00.4560	0001.206
+02.3851	+00.4563	0001.207
+02.3826	+00.4566	0001.208
+02.3796	+00.4563	0001.209
+02.3762	+00.4563	0001.210
+02.3735	+00.4563	0001.211
+02.3698	+00.4560	0001.212
+02.3671	+00.4563	0001.213
+02.3640	+00.4560	0001.214
+02.3610	+00.4560	0001.215
+02.3588	+00.4557	0001.216
+02.3552	+00.4563	0001.217
+02.3515	+00.4560	0001.218
+02.3494	+00.4557	0001.219
+02.3463	+00.4563	0001.220
+02.3436	+00.4566	0001.221
+02.3402	+00.4566	0001.222
+02.3375	+00.4560	0001.223
+02.3338	+00.4563	0001.224
+02.3310	+00.4563	0001.225
+02.3283	+00.4560	0001.226
+02.3246	+00.4557	0001.227
+02.3219	+00.4560	0001.228
+02.3191	+00.4566	0001.229
+02.3158	+00.4560	0001.230
+02.3133	+00.4563	0001.231
+02.3100	+00.4557	0001.232
+02.3072	+00.4563	0001.233
+02.3045	+00.4560	0001.234
+02.3011	+00.4563	0001.235
+02.2978	+00.4557	0001.236
+02.2956	+00.4560	0001.237
+02.2923	+00.4560	0001.238
+02.2889	+00.4563	0001.239
+02.2856	+00.4560	0001.240
+02.2828	+00.4560	0001.241
+02.2807	+00.4560	0001.242
+02.2776	+00.4557	0001.243
+02.2740	+00.4563	0001.244
+02.2712	+00.4557	0001.245
+02.2679	+00.4560	0001.246
+02.2648	+00.4560	0001.247
+02.2615	+00.4557	0001.248
+02.2590	+00.4563	0001.249
+02.2563	+00.4560	0001.250
+02.2526	+00.4557	0001.251
+02.2499	+00.4560	0001.252
+02.2468	+00.4560	0001.253
+02.2444	+00.4557	0001.254
+02.2413	+00.4563	0001.255
+02.2380	+00.4560	0001.256
+02.2349	+00.4560	0001.257
+02.2319	+00.4560	0001.258
+02.2288	+00.4560	0001.259
+02.2258	+00.4554	0001.260
+02.2230	+00.4557	0001.261
+02.2200	+00.4557	0001.262
+02.2166	+00.4560	0001.263
+02.2142	+00.4560	0001.264
+02.2105	+00.4557	0001.265
+02.2081	+00.4563	0001.266
+02.2050	+00.4560	0001.267
+02.2023	+00.4560	0001.268
+02.1986	+00.4557	0001.269
+02.1955	+00.4560	0001.270
+02.1928	+00.4557	0001.271
+02.1904	+00.4557	0001.272
+02.1867	+00.4557	0001.273
+02.1840	+00.4557	0001.274
+02.1809	+00.4557	0001.275
+02.1782	+00.4557	0001.276
+02.1745	+00.4563	0001.277
+02.1720	+00.4560	0001.278
+02.1687	+00.4557	0001.279
+02.1663	+00.4557	0001.280
+02.1629	+00.4557	0001.281
+02.1598	+00.4560	0001.282
+02.1571	+00.4557	0001.283
+02.1543	+00.4560	0001.284
+02.1510	+00.4560	0001.285
+02.1476	+00.4557	0001.286
+02.1443	+00.4554	0001.287
+02.1415	+00.4554	0001.288
+02.1388	+00.4557	0001.289
+02.1360	+00.4557	0001.290
+02.1333	+00.4557	0001.291
+02.1305	+00.4554	0001.292
+02.1269	+00.4557	0001.293
+02.1238	+00.4557	0001.294
+02.1208	+00.4557	0001.295
+02.1180	+00.4557	0001.296
+02.1147	+00.4557	0001.297
+02.1119	+00.4554	0001.298
+02.1086	+00.4554	0001.299
+02.1055	+00.4554	0001.300
+02.1022	+00.4554	0001.301
+02.1000	+00.4554	0001.302
+02.0970	+00.4551	0001.303
+02.0936	+00.4557	0001.304
+02.0909	+00.4554	0001.305
+02.0875	+00.4557	0001.306
+02.0848	+00.4551	0001.307
+02.0820	+00.4557	0001.308
+02.0787	+00.4557	0001.309
+02.0759	+00.4554	0001.310
+02.0729	+00.4554	0001.311
+02.0701	+00.4554	0001.312
+02.0668	+00.4554	0001.313
+02.0640	+00.4551	0001.314
+02.0607	+00.4554	0001.315
+02.0582	+00.4551	0001.316
+02.0555	+00.4554	0001.317
+02.0515	+00.4551	0001.318
+02.0485	+00.4551	0001.319
+02.0454	+00.4554	0001.320
+02.0427	+00.4554	0001.321
+02.0399	+00.4551	0001.322
+02.0366	+00.4554	0001.323
+02.0338	+00.4554	0001.324
+02.0308	+00.4557	0001.325
+02.0280	+00.4554	0001.326
+02.0246	+00.4554	0001.327
+02.0219	+00.4551	0001.328
+02.0185	+00.4554	0001.329
+02.0158	+00.4554	0001.330
+02.0134	+00.4551	0001.331
+02.0097	+00.4554	0001.332
+02.0066	+00.4551	0001.333
+02.0030	+00.4551	0001.334
+02.0008	+00.4547	0001.335
+01.9978	+00.4554	0001.336
+01.9950	+00.4551	0001.337
+01.9920	+00.4554	0001.338
+01.9886	+00.4551	0001.339
+01.9856	+00.4554	0001.340
+01.9825	+00.4547	0001.341
+01.9795	+00.4551	0001.342
+01.9767	+00.4551	0001.343
+01.9740	+00.4554	0001.344
+01.9706	+00.4547	0001.345
+01.9676	+00.4547	0001.346
+01.9642	+00.4554	0001.347
+01.9615	+00.4547	0001.348
+01.9584	+00.4551	0001.349
+01.9557	+00.4554	0001.350
+01.9529	+00.4547	0001.351
+01.9496	+00.4547	0001.352
+01.9468	+00.4547	0001.353
+01.9438	+00.4544	0001.354
+01.9410	+00.4554	0001.355
+01.9377	+00.4544	0001.356
+01.9346	+00.4547	0001.357
+01.9319	+00.4547	0001.358
+01.9282	+00.4547	0001.359
+01.9264	+00.4551	0001.360
+01.9224	+00.4551	0001.361
+01.9200	+00.4551	0001.362
+01.9169	+00.4547	0001.363
+01.9133	+00.4547	0001.364
+01.9105	+00.4547	0001.365
+01.9081	+00.4544	0001.366
+01.9044	+00.4547	0001.367
+01.9014	+00.4551	0001.368
+01.8983	+00.4551	0001.369
+01.8956	+00.4551	0001.370
+01.8928	+00.4544	0001.371
+01.8901	+00.4551	0001.372
+01.8867	+00.4547	0001.373
+01.8834	+00.4547	0001.374
+01.8806	+00.4547	0001.375
+01.8779	+00.4544	0001.376
+01.8742	+00.4551	0001.377
+01.8715	+00.4547	0001.378
+01.8687	+00.4541	0001.379
+01.8657	+00.4544	0001.380
+01.8626	+00.4544	0001.381
+01.8592	+00.4551	0001.382
+01.8562	+00.4544	0001.383
+01.8534	+00.4544	0001.384
+01.8501	+00.4544	0001.385
+01.8473	+00.4544	0001.386
+01.8449	+00.4544	0001.387
+01.8409	+00.4547	0001.388
+01.8385	+00.4547	0001.389
+01.8357	+00.4544	0001.390
+01.8327	+00.4547	0001.391
+01.8299	+00.4544	0001.392
+01.8263	+00.4544	0001.393
+01.8232	+00.4541	0001.394
+01.8202	+00.4544	0001.395
+01.8174	+00.4547	0001.396
+01.8144	+00.4541	0001.397
+01.8116	+00.4544	0001.398
+01.8083	+00.4544	0001.399
+01.8055	+00.4544	0001.400
+01.8028	+00.4544	0001.401
+01.7991	+00.4541	0001.402
+01.7967	+00.4541	0001.403
+01.7933	+00.4544	0001.404
+01.7900	+00.4541	0001.405
+01.7872	+00.4544	0001.406
+01.7845	+00.4544	0001.407
+01.7811	+00.4547	0001.408
+01.7784	+00.4544	0001.409
+01.7753	+00.4541	0001.410
+01.7726	+00.4544	0001.411
+01.7692	+00.4544	0001.412
+01.7665	+00.4544	0001.413
+01.7634	+00.4541	0001.414
+01.7601	+00.4538	0001.415
+01.7576	+00.4541	0001.416
+01.7549	+00.4541	0001.417
+01.7509	+00.4538	0001.418
+01.7485	+00.4538	0001.419
+01.7454	+00.4541	0001.420
+01.7421	+00.4538	0001.421
+01.7393	+00.4544	0001.422
+01.7363	+00.4544	0001.423
+01.7329	+00.4544	0001.424
+01.7302	+00.4538	0001.425
+01.7274	+00.4541	0001.426
+01.7244	+00.4541	0001.427
+01.7210	+00.4538	0001.428
+01.7183	+00.4541	0001.429
+01.7152	+00.4541	0001.430
+01.7121	+00.4535	0001.431
+01.7094	+00.4541	0001.432
+01.7064	+00.4538	0001.433
+01.7033	+00.4544	0001.434
+01.6999	+00.4544	0001.435
+01.6975	+00.4541	0001.436
+01.6941	+00.4538	0001.437
+01.6917	+00.4535	0001.438
+01.6880	+00.4541	0001.439
+01.6850	+00.4538	0001.440
+01.6822	+00.4535	0001.441
+01.6795	+00.4538	0001.442
+01.6764	+00.4535	0001.443
+01.6731	+00.4541	0001.444
+01.6703	+00.4535	0001.445
+01.6673	+00.4535	0001.446
+01.6636	+00.4538	0001.447
+01.6609	+00.4538	0001.448
+01.6587	+00.4538	0001.449
+01.6551	+00.4538	0001.450
+01.6523	+00.4535	0001.451
+01.6499	+00.4538	0001.452
+01.6462	+00.4532	0001.453
+01.6438	+00.4535	0001.454
+01.6404	+00.4532	0001.455
+01.6371	+00.4538	0001.456
+01.6340	+00.4538	0001.457
+01.6316	+00.4538	0001.458
+01.6279	+00.4538	0001.459
+01.6252	+00.4538	0001.460
+01.6221	+00.4535	0001.461
+01.6188	+00.4538	0001.462
+01.6154	+00.4538	0001.463
+01.6133	+00.4538	0001.464
+01.6102	+00.4535	0001.465
+01.6075	+00.4535	0001.466
+01.6041	+00.4535	0001.467
+01.6011	+00.4532	0001.468
+01.5986	+00.4532	0001.469
+01.5956	+00.4538	0001.470
+01.5922	+00.4535	0001.471
+01.5892	+00.4538	0001.472
+01.5864	+00.4529	0001.473
+01.5834	+00.4532	0001.474
+01.5803	+00.4535	0001.475
+01.5767	+00.4532	0001.476
+01.5742	+00.4529	0001.477
+01.5715	+00.4538	0001.478
+01.5678	+00.4535	0001.479
+01.5648	+00.4529	0001.480
+01.5623	+00.4535	0001.481
+01.5590	+00.4535	0001.482
+01.5565	+00.4538	0001.483
+01.5538	+00.4532	0001.484
+01.5498	+00.4532	0001.485
+01.5474	+00.4535	0001.486
+01.5437	+00.4529	0001.487
+01.5409	+00.4532	0001.488
+01.5379	+00.4532	0001.489
+01.5355	+00.4532	0001.490
+01.5324	+00.4529	0001.491
+01.5287	+00.4526	0001.492
+01.5260	+00.4532	0001.493
+01.5229	+00.4532	0001.494
+01.5199	+00.4532	0001.495
+01.5171	+00.4535	0001.496
+01.5144	+00.4529	0001.497
+01.5110	+00.4526	0001.498
+01.5077	+00.4529	0001.499
+01.5046	+00.4532	0001.500
+01.5016	+00.4532	0001.501
+01.4994	+00.4529	0001.502
+01.4964	+00.4526	0001.503
+01.4924	+00.4529	0001.504
+01.4903	+00.4532	0001.505
+01.4866	+00.4529	0001.506
+01.4842	+00.4526	0001.507
+01.4805	+00.4532	0001.508
+01.4778	+00.4532	0001.509
+01.4747	+00.4526	0001.510
+01.4717	+00.4529	0001.511
+01.4692	+00.4529	0001.512
+01.4668	+00.4529	0001.513
+01.4631	+00.4526	0001.514
+01.4598	+00.4529	0001.515
+01.4567	+00.4529	0001.516
+01.4543	+00.4526	0001.517
+01.4509	+00.4529	0001.518
+01.4482	+00.4526	0001.519
+01.4451	+00.4526	0001.520
+01.4421	+00.4526	0001.521
+01.4390	+00.4529	0001.522
+01.4360	+00.4526	0001.523
+01.4323	+00.4526	0001.524
+01.4302	+00.4526	0001.525
+01.4268	+00.4526	0001.526
+01.4238	+00.4526	0001.527
+01.4207	+00.4526	0001.528
+01.4177	+00.4526	0001.529
+01.4152	+00.4529	0001.530
+01.4122	+00.4523	0001.531
+01.4085	+00.4523	0001.532
+01.4061	+00.4526	0001.533
+01.4027	+00.4529	0001.534
+01.3996	+00.4526	0001.535
+01.3966	+00.4526	0001.536
+01.3939	+00.4523	0001.537
+01.3908	+00.4526	0001.538
+01.3881	+00.4526	0001.539
+01.3853	+00.4526	0001.540
+01.3816	+00.4526	0001.541
+01.3789	+00.4526	0001.542
+01.3758	+00.4526	0001.543
+01.3731	+00.4529	0001.544
+01.3704	+00.4526	0001.545
+01.3667	+00.4523	0001.546
+01.3639	+00.4523	0001.547
+01.3603	+00.4523	0001.548
+01.3578	+00.4526	0001.549
+01.3548	+00.4526	0001.550
+01.3514	+00.4523	0001.551
+01.3490	+00.4520	0001.552
+01.3462	+00.4526	0001.553
+01.3429	+00.4526	0001.554
+01.3404	+00.4523	0001.555
+01.3371	+00.4520	0001.556
+01.3337	+00.4523	0001.557
+01.3307	+00.4526	0001.558
+01.3270	+00.4523	0001.559
+01.3246	+00.4523	0001.560
+01.3224	+00.4523	0001.561
+01.3188	+00.4520	0001.562
+01.3157	+00.4523	0001.563
+01.3124	+00.4520	0001.564
+01.3096	+00.4526	0001.565
+01.3072	+00.4526	0001.566
+01.3038	+00.4523	0001.567
+01.3011	+00.4520	0001.568
+01.2977	+00.4520	0001.569
+01.2947	+00.4523	0001.570
+01.2916	+00.4520	0001.571
+01.2886	+00.4520	0001.572
+01.2855	+00.4523	0001.573
+01.2831	+00.4517	0001.574
+01.2800	+00.4517	0001.575
+01.2767	+00.4520	0001.576
+01.2736	+00.4523	0001.577
+01.2706	+00.4517	0001.578
+01.2678	+00.4520	0001.579
+01.2648	+00.4520	0001.580
+01.2614	+00.4517	0001.581
+01.2580	+00.4517	0001.582
+01.2553	+00.4520	0001.583
+01.2532	+00.4520	0001.584
+01.2498	+00.4520	0001.585
+01.2471	+00.4520	0001.586
+01.2440	+00.4520	0001.587
+01.2403	+00.4517	0001.588
+01.2379	+00.4517	0001.589
+01.2352	+00.4514	0001.590
+01.2318	+00.4520	0001.591
+01.2288	+00.4517	0001.592
+01.2254	+00.4517	0001.593
+01.2223	+00.4517	0001.594
+01.2199	+00.4517	0001.595
+01.2172	+00.4514	0001.596
+01.2138	+00.4517	0001.597
+01.2107	+00.4517	0001.598
+01.2077	+00.4514	0001.599
+01.2049	+00.4517	0001.600
+01.2016	+00.4517	0001.601
+01.1991	+00.4514	0001.602
+01.1955	+00.4520	0001.603
+01.1924	+00.4514	0001.604
+01.1897	+00.4514	0001.605
+01.1866	+00.4517	0001.606
+01.1833	+00.4517	0001.607
+01.1805	+00.4517	0001.608
+01.1781	+00.4517	0001.609
+01.1741	+00.4514	0001.610
+01.1720	+00.4514	0001.611
+01.1686	+00.4514	0001.612
+01.1656	+00.4517	0001.613
+01.1625	+00.4514	0001.614
+01.1598	+00.4517	0001.615
+01.1564	+00.4514	0001.616
+01.1531	+00.4514	0001.617
+01.1506	+00.4511	0001.618
+01.1473	+00.4514	0001.619
+01.1445	+00.4514	0001.620
+01.1418	+00.4514	0001.621
+01.1384	+00.4508	0001.622
+01.1357	+00.4517	0001.623
+01.1323	+00.4520	0001.624
+01.1296	+00.4511	0001.625
+01.1268	+00.4511	0001.626
+01.1232	+00.4514	0001.627
+01.1204	+00.4511	0001.628
+01.1177	+00.4514	0001.629
+01.1140	+00.4514	0001.630
+01.1116	+00.4514	0001.631
+01.1085	+00.4514	0001.632
+01.1055	+00.4511	0001.633
+01.1027	+00.4508	0001.634
+01.0994	+00.4511	0001.635
+01.0966	+00.4511	0001.636
+01.0942	+00.4511	0001.637
+01.0905	+00.4508	0001.638
+01.0878	+00.4514	0001.639
+01.0844	+00.4508	0001.640
+01.0814	+00.4514	0001.641
+01.0783	+00.4508	0001.642
+01.0756	+00.4514	0001.643
+01.0728	+00.4514	0001.644
+01.0688	+00.4514	0001.645
+01.0661	+00.4514	0001.646
+01.0630	+00.4505	0001.647
+01.0606	+00.4508	0001.648
+01.0579	+00.4508	0001.649
+01.0545	+00.4505	0001.650
+01.0514	+00.4508	0001.651
+01.0481	+00.4508	0001.652
+01.0456	+00.4508	0001.653
+01.0426	+00.4508	0001.654
+01.0395	+00.4511	0001.655
+01.0371	+00.4511	0001.656
+01.0337	+00.4508	0001.657
+01.0304	+00.4505	0001.658
+01.0273	+00.4502	0001.659
+01.0243	+00.4508	0001.660
+01.0212	+00.4505	0001.661
+01.0182	+00.4508	0001.662
+01.0154	+00.4505	0001.663
+01.0124	+00.4505	0001.664
+01.0093	+00.4505	0001.665
+01.0069	+00.4508	0001.666
+01.0035	+00.4508	0001.667
+01.0008	+00.4508	0001.668
+00.9971	+00.4508	0001.669
+00.9947	+00.4508	0001.670
+00.9913	+00.4502	0001.671
+00.9886	+00.4508	0001.672
+00.9855	+00.4502	0001.673
+00.9822	+00.4502	0001.674
+00.9791	+00.4508	0001.675
+00.9764	+00.4505	0001.676
+00.9730	+00.4505	0001.677
+00.9703	+00.4505	0001.678
+00.9675	+00.4499	0001.679
+00.9645	+00.4502	0001.680
+00.9614	+00.4508	0001.681
+00.9581	+00.4508	0001.682
+00.9556	+00.4502	0001.683
+00.9526	+00.4505	0001.684
+00.9492	+00.4505	0001.685
+00.9459	+00.4505	0001.686
+00.9431	+00.4502	0001.687
+00.9404	+00.4505	0001.688
+00.9367	+00.4502	0001.689
+00.9343	+00.4502	0001.690
+00.9315	+00.4502	0001.691
+00.9288	+00.4499	0001.692
+00.9248	+00.4499	0001.693
+00.9224	+00.4505	0001.694
+00.9193	+00.4499	0001.695
+00.9159	+00.4499	0001.696
+00.9129	+00.4505	0001.697
+00.9101	+00.4499	0001.698
+00.9068	+00.4502	0001.699
+00.9037	+00.4499	0001.700
+00.9010	+00.4502	0001.701
+00.8982	+00.4502	0001.702
+00.8949	+00.4496	0001.703
+00.8921	+00.4502	0001.704
+00.8894	+00.4502	0001.705
+00.8860	+00.4502	0001.706
+00.8827	+00.4502	0001.707
+00.8799	+00.4502	0001.708
+00.8769	+00.4499	0001.709
+00.8741	+00.4496	0001.710
+00.8705	+00.4499	0001.711
+00.8677	+00.4499	0001.712
+00.8653	+00.4496	0001.713
+00.8619	+00.4499	0001.714
+00.8595	+00.4499	0001.715
+00.8567	+00.4496	0001.716
+00.8528	+00.4499	0001.717
+00.8500	+00.4493	0001.718
+00.8470	+00.4499	0001.719
+00.8442	+00.4502	0001.720
+00.8412	+00.4496	0001.721
+00.8381	+00.4502	0001.722
+00.8354	+00.4493	0001.723
+00.8320	+00.4490	0001.724
+00.8284	+00.4499	0001.725
+00.8259	+00.4499	0001.726
+00.8226	+00.4496	0001.727
+00.8201	+00.4496	0001.728
+00.8174	+00.4496	0001.729
+00.8137	+00.4493	0001.730
+00.8113	+00.4496	0001.731
+00.8079	+00.4499	0001.732
+00.8049	+00.4493	0001.733
+00.8021	+00.4496	0001.734
+00.7985	+00.4496	0001.735
+00.7960	+00.4496	0001.736
+00.7927	+00.4496	0001.737
+00.7902	+00.4493	0001.738
+00.7866	+00.4493	0001.739
+00.7835	+00.4493	0001.740
+00.7811	+00.4493	0001.741
+00.7774	+00.4493	0001.742
+00.7756	+00.4490	0001.743
+00.7719	+00.4496	0001.744
+00.7692	+00.4493	0001.745
+00.7655	+00.4490	0001.746
+00.7627	+00.4493	0001.747
+00.7603	+00.4490	0001.748
+00.7573	+00.4496	0001.749
+00.7545	+00.4493	0001.750
+00.7512	+00.4493	0001.751
+00.7478	+00.4493	0001.752
+00.7450	+00.4493	0001.753
+00.7420	+00.4493	0001.754
+00.7392	+00.4493	0001.755
+00.7362	+00.4493	0001.756
+00.7331	+00.4490	0001.757
+00.7298	+00.4493	0001.758
+00.7270	+00.4493	0001.759
+00.7240	+00.4493	0001.760
+00.7212	+00.4493	0001.761
+00.7179	+00.4493	0001.762
+00.7148	+00.4493	0001.763
+00.7118	+00.4490	0001.764
+00.7090	+00.4493	0001.765
+00.7057	+00.4490	0001.766
+00.7032	+00.4486	0001.767
+00.7002	+00.4490	0001.768
+00.6968	+00.4493	0001.769
+00.6938	+00.4486	0001.770
+00.6907	+00.4486	0001.771
+00.6880	+00.4490	0001.772
+00.6852	+00.4490	0001.773
+00.6819	+00.4490	0001.774
+00.6788	+00.4490	0001.775
+00.6761	+00.4486	0001.776
+00.6730	+00.4483	0001.777
+00.6697	+00.4490	0001.778
+00.6672	+00.4490	0001.779
+00.6639	+00.4486	0001.780
+00.6608	+00.4486	0001.781
+00.6578	+00.4483	0001.782
+00.6550	+00.4486	0001.783
+00.6520	+00.4486	0001.784
+00.6492	+00.4490	0001.785
+00.6456	+00.4486	0001.786
+00.6428	+00.4486	0001.787
+00.6401	+00.4486	0001.788
+00.6361	+00.4483	0001.789
+00.6337	+00.4486	0001.790
+00.6309	+00.4486	0001.791
+00.6276	+00.4477	0001.792
+00.6248	+00.4490	0001.793
+00.6218	+00.4486	0001.794
+00.6187	+00.4486	0001.795
+00.6160	+00.4486	0001.796
+00.6129	+00.4480	0001.797
+00.6102	+00.4480	0001.798
+00.6071	+00.4483	0001.799
+00.6034	+00.4486	0001.800
+00.6010	+00.4480	0001.801
+00.5980	+00.4480	0001.802
+00.5949	+00.4483	0001.803
+00.5915	+00.4480	0001.804
+00.5882	+00.4480	0001.805
+00.5857	+00.4480	0001.806
+00.5830	+00.4483	0001.807
+00.5796	+00.4483	0001.808
+00.5766	+00.4483	0001.809
+00.5735	+00.4483	0001.810
+00.5708	+00.4483	0001.811
+00.5677	+00.4480	0001.812
+00.5650	+00.4483	0001.813
+00.5613	+00.4480	0001.814
+00.5592	+00.4480	0001.815
+00.5552	+00.4477	0001.816
+00.5525	+00.4477	0001.817
+00.5494	+00.4480	0001.818
+00.5470	+00.4477	0001.819
+00.5442	+00.4480	0001.820
+00.5406	+00.4477	0001.821
+00.5375	+00.4480	0001.822
+00.5345	+00.4477	0001.823
+00.5317	+00.4480	0001.824
+00.5287	+00.4483	0001.825
+00.5256	+00.4477	0001.826
+00.5229	+00.4477	0001.827
+00.5195	+00.4474	0001.828
+00.5165	+00.4477	0001.829
+00.5137	+00.4477	0001.830
+00.5104	+00.4474	0001.831
+00.5073	+00.4477	0001.832
+00.5046	+00.4474	0001.833
+00.5015	+00.4477	0001.834
+00.4988	+00.4477	0001.835
+00.4957	+00.4474	0001.836
+00.4924	+00.4474	0001.837
+00.4896	+00.4477	0001.838
+00.4866	+00.4474	0001.839
+00.4835	+00.4474	0001.840
+00.4808	+00.4474	0001.841
+00.4771	+00.4474	0001.842
+00.4744	+00.4474	0001.843
+00.4713	+00.4477	0001.844
+00.4689	+00.4474	0001.845
+00.4658	+00.4477	0001.846
+00.4625	+00.4474	0001.847
+00.4597	+00.4477	0001.848
+00.4570	+00.4474	0001.849
+00.4539	+00.4471	0001.850
+00.4502	+00.4471	0001.851
+00.4478	+00.4471	0001.852
+00.4448	+00.4471	0001.853
+00.4414	+00.4477	0001.854
+00.4387	+00.4474	0001.855
+00.4359	+00.4477	0001.856
+00.4329	+00.4474	0001.857
+00.4298	+00.4471	0001.858
+00.4264	+00.4471	0001.859
+00.4240	+00.4471	0001.860
+00.4206	+00.4471	0001.861
+00.4176	+00.4471	0001.862
+00.4148	+00.4471	0001.863
+00.4115	+00.4474	0001.864
+00.4084	+00.4471	0001.865
+00.4054	+00.4471	0001.866
+00.4026	+00.4465	0001.867
+00.4002	+00.4471	0001.868
+00.3962	+00.4465	0001.869
+00.3938	+00.4465	0001.870
+00.3907	+00.4471	0001.871
+00.3880	+00.4468	0001.872
+00.3843	+00.4471	0001.873
+00.3813	+00.4471	0001.874
+00.3785	+00.4474	0001.875
+00.3758	+00.4462	0001.876
+00.3721	+00.4465	0001.877
+00.3697	+00.4465	0001.878
+00.3666	+00.4468	0001.879
+00.3633	+00.4468	0001.880
+00.3605	+00.4465	0001.881
+00.3572	+00.4468	0001.882
+00.3547	+00.4465	0001.883
+00.3520	+00.4465	0001.884
+00.3486	+00.4468	0001.885
+00.3456	+00.4465	0001.886
+00.3422	+00.4465	0001.887
+00.3395	+00.4462	0001.888
+00.3364	+00.4468	0001.889
+00.3331	+00.4459	0001.890
+00.3309	+00.4465	0001.891
+00.3273	+00.4465	0001.892
+00.3248	+00.4465	0001.893
+00.3215	+00.4462	0001.894
+00.3187	+00.4465	0001.895
+00.3154	+00.4459	0001.896
+00.3123	+00.4468	0001.897
+00.3093	+00.4462	0001.898
+00.3062	+00.4462	0001.899
+00.3035	+00.4462	0001.900
+00.3004	+00.4465	0001.901
+00.2974	+00.4459	0001.902
+00.2946	+00.4462	0001.903
+00.2916	+00.4459	0001.904
+00.2876	+00.4465	0001.905
+00.2855	+00.4459	0001.906
+00.2824	+00.4462	0001.907
+00.2790	+00.4465	0001.908
+00.2763	+00.4462	0001.909
+00.2732	+00.4465	0001.910
+00.2702	+00.4459	0001.911
+00.2674	+00.4462	0001.912
+00.2647	+00.4456	0001.913
+00.2610	+00.4459	0001.914
+00.2586	+00.4459	0001.915
+00.2549	+00.4459	0001.916
+00.2525	+00.4456	0001.917
+00.2491	+00.4459	0001.918
+00.2467	+00.4459	0001.919
+00.2430	+00.4459	0001.920
+00.2406	+00.4462	0001.921
+00.2372	+00.4453	0001.922
+00.2342	+00.4465	0001.923
+00.2314	+00.4462	0001.924
+00.2287	+00.4456	0001.925
+00.2253	+00.4459	0001.926
+00.2223	+00.4453	0001.927
+00.2195	+00.4456	0001.928
+00.2159	+00.4453	0001.929
+00.2128	+00.4456	0001.930
+00.2104	+00.4459	0001.931
+00.2073	+00.4456	0001.932
+00.2043	+00.4456	0001.933
+00.2012	+00.4453	0001.934
+00.1979	+00.4459	0001.935
+00.1951	+00.4456	0001.936
+00.1927	+00.4453	0001.937
+00.1890	+00.4453	0001.938
+00.1863	+00.4456	0001.939
+00.1835	+00.4453	0001.940
+00.1799	+00.4456	0001.941
+00.1765	+00.4456	0001.942
+00.1741	+00.4453	0001.943
+00.1707	+00.4456	0001.944
+00.1683	+00.4453	0001.945
+00.1649	+00.4453	0001.946
+00.1625	+00.4453	0001.947
+00.1588	+00.4453	0001.948
+00.1561	+00.4453	0001.949
+00.1530	+00.4453	0001.950
+00.1506	+00.4450	0001.951
+00.1469	+00.4453	0001.952
+00.1439	+00.4450	0001.953
+00.1417	+00.4456	0001.954
+00.1381	+00.4453	0001.955
+00.1353	+00.4453	0001.956
+00.1319	+00.4450	0001.957
+00.1292	+00.4450	0001.958
+00.1255	+00.4450	0001.959
+00.1231	+00.4450	0001.960
+00.1204	+00.4447	0001.961
+00.1173	+00.4453	0001.962
+00.1139	+00.4447	0001.963
+00.1112	+00.4450	0001.964
+00.1081	+00.4453	0001.965
+00.1051	+00.4450	0001.966
+00.1023	+00.4447	0001.967
+00.0990	+00.4450	0001.968
+00.0962	+00.4450	0001.969
+00.0929	+00.4447	0001.970
+00.0898	+00.4450	0001.971
+00.0874	+00.4444	0001.972
+00.0843	+00.4447	0001.973
+00.0810	+00.4447	0001.974
+00.0776	+00.4447	0001.975
+00.0752	+00.4447	0001.976
+00.0715	+00.4444	0001.977
+00.0694	+00.4444	0001.978
+00.0660	+00.4447	0001.979
+00.0633	+00.4447	0001.980
+00.0602	+00.4441	0001.981
+00.0572	+00.4447	0001.982
+00.0538	+00.4444	0001.983
+00.0517	+00.4447	0001.984
+00.0480	+00.4447	0001.985
+00.0450	+00.4444	0001.986
+00.0419	+00.4441	0001.987
+00.0386	+00.4444	0001.988
+00.0361	+00.4444	0001.989
+00.0331	+00.4441	0001.990
+00.0300	+00.4441	0001.991
+00.0273	+00.4444	0001.992
+00.0236	+00.4438	0001.993
+00.0209	+00.4441	0001.994
+00.0178	+00.4444	0001.995
+00.0151	+00.4435	0001.996
+00.0123	+00.4444	0001.997
+00.0087	+00.4438	0001.998
+00.0056	+00.4441	0001.999
