R,Ohm	C,pF	Temp,C
0000000000	0000100000	+101.25
Ch1,V	Ch2,V	Time,s
-00.0002	-00.0009	0000.000
-00.0002	-00.0009	0000.001
-00.0026	-00.0009	0000.002
-00.0063	-00.0009	0000.003
-00.0090	-00.0009	0000.004
-00.0118	-00.0009	0000.005
-00.0148	-00.0015	0000.006
-00.0182	-00.0012	0000.007
-00.0206	-00.0009	0000.008
-00.0240	-00.0009	0000.009
-00.0270	-00.0009	0000.010
-00.0301	-00.0009	0000.011
-00.0332	-00.0009	0000.012
-00.0359	-00.0012	0000.013
-00.0389	-00.0012	0000.014
-00.0420	-00.0009	0000.015
-00.0447	-00.0012	0000.016
-00.0481	-00.0012	0000.017
-00.0512	-00.0009	0000.018
-00.0536	-00.0018	0000.019
-00.0576	-00.0012	0000.020
-00.0603	-00.0012	0000.021
-00.0634	-00.0012	0000.022
-00.0661	-00.0012	0000.023
-00.0692	-00.0015	0000.024
-00.0722	-00.0015	0000.025
-00.0750	-00.0009	0000.026
-00.0786	-00.0009	0000.027
-00.0808	-00.0009	0000.028
-00.0841	-00.0015	0000.029
-00.0872	-00.0012	0000.030
-00.0902	-00.0012	0000.031
-00.0930	-00.0012	0000.032
-00.0960	-00.0015	0000.033
-00.0991	-00.0012	0000.034
-00.1021	-00.0018	0000.035
-00.1055	-00.0015	0000.036
-00.1079	-00.0012	0000.037
-00.1113	-00.0015	0000.038
-00.1140	-00.0018	0000.039
-00.1174	-00.0015	0000.040
-00.1201	-00.0018	0000.041
-00.1235	-00.0015	0000.042
-00.1259	-00.0015	0000.043
-00.1293	-00.0015	0000.044
-00.1323	-00.0018	0000.045
-00.1351	-00.0015	0000.046
-00.1384	-00.0015	0000.047
-00.1412	-00.0015	0000.048
-00.1442	-00.0018	0000.049
-00.1473	-00.0018	0000.050
-00.1503	-00.0015	0000.051
-00.1537	-00.0018	0000.052
-00.1564	-00.0021	0000.053
-00.1592	-00.0015	0000.054
-00.1619	-00.0015	0000.055
-00.1653	-00.0018	0000.056
-00.1680	-00.0021	0000.057
-00.1714	-00.0015	0000.058
-00.1741	-00.0021	0000.059
-00.1772	-00.0015	0000.060
-00.1796	-00.0018	0000.061
-00.1833	-00.0021	0000.062
-00.1860	-00.0018	0000.063
-00.1891	-00.0024	0000.064
-00.1925	-00.0021	0000.065
-00.1952	-00.0018	0000.066
-00.1979	-00.0024	0000.067
-00.2010	-00.0018	0000.068
-00.2037	-00.0021	0000.069
-00.2071	-00.0024	0000.070
-00.2102	-00.0024	0000.071
-00.2135	-00.0021	0000.072
-00.2163	-00.0018	0000.073
-00.2190	-00.0021	0000.074
-00.2224	-00.0021	0000.075
-00.2254	-00.0018	0000.076
-00.2285	-00.0024	0000.077
-00.2312	-00.0021	0000.078
-00.2340	-00.0021	0000.079
-00.2376	-00.0021	0000.080
-00.2401	-00.0024	0000.081
-00.2431	-00.0024	0000.082
-00.2462	-00.0021	0000.083
-00.2492	-00.0021	0000.084
-00.2523	-00.0021	0000.085
-00.2553	-00.0024	0000.086
-00.2584	-00.0024	0000.087
-00.2614	-00.0021	0000.088
-00.2639	-00.0027	0000.089
-00.2675	-00.0027	0000.090
-00.2706	-00.0024	0000.091
-00.2733	-00.0024	0000.092
-00.2761	-00.0027	0000.093
-00.2794	-00.0024	0000.094
-00.2825	-00.0027	0000.095
-00.2855	-00.0024	0000.096
-00.2883	-00.0027	0000.097
-00.2913	-00.0027	0000.098
-00.2944	-00.0030	0000.099
-00.2977	-00.0033	0000.100
-00.3005	-00.0027	0000.101
-00.3032	-00.0024	0000.102
-00.3066	-00.0027	0000.103
-00.3093	-00.0027	0000.104
-00.3124	-00.0024	0000.105
-00.3157	-00.0030	0000.106
-00.3185	-00.0030	0000.107
-00.3212	-00.0033	0000.108
-00.3246	-00.0027	0000.109
-00.3273	-00.0027	0000.110
-00.3310	-00.0027	0000.111
-00.3334	-00.0027	0000.112
-00.3362	-00.0030	0000.113
-00.3392	-00.0030	0000.114
-00.3423	-00.0030	0000.115
-00.3450	-00.0033	0000.116
-00.3484	-00.0033	0000.117
-00.3518	-00.0030	0000.118
-00.3542	-00.0033	0000.119
-00.3569	-00.0030	0000.120
-00.3603	-00.0033	0000.121
-00.3634	-00.0033	0000.122
-00.3667	-00.0033	0000.123
-00.3698	-00.0036	0000.124
-00.3725	-00.0033	0000.125
-00.3753	-00.0033	0000.126
-00.3783	-00.0033	0000.127
-00.3811	-00.0036	0000.128
-00.3850	-00.0039	0000.129
-00.3875	-00.0033	0000.130
-00.3905	-00.0036	0000.131
-00.3933	-00.0039	0000.132
-00.3966	-00.0036	0000.133
-00.4000	-00.0036	0000.134
-00.4021	-00.0033	0000.135
-00.4058	-00.0039	0000.136
-00.4082	-00.0033	0000.137
-00.4113	-00.0036	0000.138
-00.4143	-00.0039	0000.139
-00.4174	-00.0039	0000.140
-00.4201	-00.0042	0000.141
-00.4241	-00.0033	0000.142
-00.4265	-00.0036	0000.143
-00.4296	-00.0036	0000.144
-00.4326	-00.0036	0000.145
-00.4357	-00.0036	0000.146
-00.4384	-00.0039	0000.147
-00.4415	-00.0042	0000.148
-00.4445	-00.0042	0000.149
-00.4476	-00.0042	0000.150
-00.4503	-00.0039	0000.151
-00.4534	-00.0039	0000.152
-00.4564	-00.0042	0000.153
-00.4592	-00.0039	0000.154
-00.4628	-00.0042	0000.155
-00.4653	-00.0039	0000.156
-00.4683	-00.0042	0000.157
-00.4717	-00.0042	0000.158
-00.4747	-00.0042	0000.159
-00.4772	-00.0042	0000.160
-00.4805	-00.0045	0000.161
-00.4836	-00.0042	0000.162
-00.4869	-00.0042	0000.163
-00.4897	-00.0048	0000.164
-00.4927	-00.0045	0000.165
-00.4952	-00.0045	0000.166
-00.4988	-00.0042	0000.167
-00.5013	-00.0045	0000.168
-00.5043	-00.0045	0000.169
-00.5074	-00.0045	0000.170
-00.5101	-00.0045	0000.171
-00.5138	-00.0045	0000.172
-00.5162	-00.0045	0000.173
-00.5196	-00.0048	0000.174
-00.5230	-00.0048	0000.175
-00.5257	-00.0052	0000.176
-00.5285	-00.0045	0000.177
-00.5312	-00.0048	0000.178
-00.5349	-00.0052	0000.179
-00.5373	-00.0055	0000.180
-00.5404	-00.0048	0000.181
-00.5437	-00.0052	0000.182
-00.5468	-00.0045	0000.183
-00.5495	-00.0045	0000.184
-00.5526	-00.0052	0000.185
-00.5553	-00.0052	0000.186
-00.5587	-00.0048	0000.187
-00.5623	-00.0052	0000.188
-00.5651	-00.0052	0000.189
-00.5675	-00.0052	0000.190
-00.5706	-00.0052	0000.191
-00.5739	-00.0055	0000.192
-00.5767	-00.0055	0000.193
-00.5797	-00.0052	0000.194
-00.5831	-00.0055	0000.195
-00.5855	-00.0055	0000.196
-00.5892	-00.0055	0000.197
-00.5919	-00.0055	0000.198
-00.5947	-00.0055	0000.199
-00.5977	-00.0052	0000.200
-00.6008	-00.0052	0000.201
-00.6035	-00.0058	0000.202
-00.6066	-00.0055	0000.203
-00.6102	-00.0055	0000.204
-00.6130	-00.0061	0000.205
-00.6163	-00.0055	0000.206
-00.6191	-00.0064	0000.207
-00.6215	-00.0055	0000.208
-00.6246	-00.0058	0000.209
-00.6273	-00.0055	0000.210
-00.6307	-00.0055	0000.211
-00.6340	-00.0055	0000.212
-00.6365	-00.0058	0000.213
-00.6401	-00.0058	0000.214
-00.6432	-00.0058	0000.215
-00.6459	-00.0058	0000.216
-00.6490	-00.0058	0000.217
-00.6517	-00.0061	0000.218
-00.6548	-00.0058	0000.219
-00.6578	-00.0058	0000.220
-00.6606	-00.0061	0000.221
-00.6636	-00.0061	0000.222
-00.6670	-00.0058	0000.223
-00.6701	-00.0058	0000.224
-00.6728	-00.0064	0000.225
-00.6755	-00.0064	0000.226
-00.6789	-00.0061	0000.227
-00.6816	-00.0064	0000.228
-00.6850	-00.0064	0000.229
-00.6884	-00.0058	0000.230
-00.6908	-00.0064	0000.231
-00.6939	-00.0061	0000.232
-00.6966	-00.0067	0000.233
-00.7000	-00.0061	0000.234
-00.7027	-00.0067	0000.235
-00.7064	-00.0064	0000.236
-00.7091	-00.0067	0000.237
-00.7119	-00.0067	0000.238
-00.7146	-00.0064	0000.239
-00.7180	-00.0067	0000.240
-00.7207	-00.0064	0000.241
-00.7241	-00.0070	0000.242
-00.7274	-00.0064	0000.243
-00.7299	-00.0067	0000.244
-00.7335	-00.0064	0000.245
-00.7360	-00.0067	0000.246
-00.7390	-00.0061	0000.247
-00.7418	-00.0067	0000.248
-00.7448	-00.0070	0000.249
-00.7479	-00.0067	0000.250
-00.7509	-00.0070	0000.251
-00.7543	-00.0073	0000.252
-00.7573	-00.0070	0000.253
-00.7601	-00.0070	0000.254
-00.7631	-00.0070	0000.255
-00.7659	-00.0070	0000.256
-00.7686	-00.0070	0000.257
-00.7723	-00.0070	0000.258
-00.7750	-00.0070	0000.259
-00.7778	-00.0070	0000.260
-00.7811	-00.0073	0000.261
-00.7839	-00.0073	0000.262
-00.7872	-00.0073	0000.263
-00.7903	-00.0073	0000.264
-00.7930	-00.0073	0000.265
-00.7961	-00.0076	0000.266
-00.7994	-00.0073	0000.267
-00.8016	-00.0076	0000.268
-00.8052	-00.0073	0000.269
-00.8080	-00.0076	0000.270
-00.8113	-00.0082	0000.271
-00.8135	-00.0076	0000.272
-00.8168	-00.0076	0000.273
-00.8202	-00.0073	0000.274
-00.8229	-00.0076	0000.275
-00.8260	-00.0073	0000.276
-00.8290	-00.0079	0000.277
-00.8324	-00.0073	0000.278
-00.8348	-00.0079	0000.279
-00.8379	-00.0076	0000.280
-00.8410	-00.0079	0000.281
-00.8443	-00.0079	0000.282
-00.8467	-00.0082	0000.283
-00.8498	-00.0082	0000.284
-00.8532	-00.0079	0000.285
-00.8559	-00.0076	0000.286
-00.8593	-00.0076	0000.287
-00.8617	-00.0079	0000.288
-00.8654	-00.0085	0000.289
-00.8678	-00.0073	0000.290
-00.8712	-00.0079	0000.291
-00.8742	-00.0079	0000.292
-00.8773	-00.0079	0000.293
-00.8803	-00.0082	0000.294
-00.8834	-00.0082	0000.295
-00.8858	-00.0076	0000.296
-00.8895	-00.0082	0000.297
-00.8922	-00.0082	0000.298
-00.8956	-00.0079	0000.299
-00.8980	-00.0085	0000.300
-00.9014	-00.0085	0000.301
-00.9041	-00.0085	0000.302
-00.9075	-00.0079	0000.303
-00.9096	-00.0082	0000.304
-00.9130	-00.0085	0000.305
-00.9166	-00.0082	0000.306
-00.9188	-00.0082	0000.307
-00.9224	-00.0085	0000.308
-00.9249	-00.0088	0000.309
-00.9285	-00.0082	0000.310
-00.9316	-00.0085	0000.311
-00.9343	-00.0085	0000.312
-00.9371	-00.0085	0000.313
-00.9404	-00.0085	0000.314
-00.9432	-00.0088	0000.315
-00.9462	-00.0088	0000.316
-00.9490	-00.0085	0000.317
-00.9523	-00.0088	0000.318
-00.9551	-00.0088	0000.319
-00.9578	-00.0085	0000.320
-00.9612	-00.0085	0000.321
-00.9645	-00.0091	0000.322
-00.9679	-00.0088	0000.323
-00.9707	-00.0091	0000.324
-00.9731	-00.0091	0000.325
-00.9761	-00.0091	0000.326
-00.9789	-00.0091	0000.327
-00.9819	-00.0091	0000.328
-00.9853	-00.0097	0000.329
-00.9880	-00.0091	0000.330
-00.9905	-00.0091	0000.331
-00.9941	-00.0091	0000.332
-00.9969	-00.0091	0000.333
-00.9999	-00.0097	0000.334
-01.0042	-00.0091	0000.335
-01.0067	-00.0094	0000.336
-01.0091	-00.0088	0000.337
-01.0122	-00.0094	0000.338
-01.0152	-00.0085	0000.339
-01.0186	-00.0091	0000.340
-01.0213	-00.0091	0000.341
-01.0247	-00.0091	0000.342
-01.0271	-00.0094	0000.343
-01.0302	-00.0094	0000.344
-01.0332	-00.0094	0000.345
-01.0363	-00.0094	0000.346
-01.0396	-00.0097	0000.347
-01.0427	-00.0097	0000.348
-01.0451	-00.0100	0000.349
-01.0482	-00.0094	0000.350
-01.0512	-00.0097	0000.351
-01.0543	-00.0097	0000.352
-01.0576	-00.0100	0000.353
-01.0601	-00.0100	0000.354
-01.0634	-00.0097	0000.355
-01.0659	-00.0097	0000.356
-01.0692	-00.0097	0000.357
-01.0723	-00.0100	0000.358
-01.0753	-00.0097	0000.359
-01.0781	-00.0100	0000.360
-01.0811	-00.0100	0000.361
-01.0848	-00.0103	0000.362
-01.0872	-00.0103	0000.363
-01.0906	-00.0100	0000.364
-01.0936	-00.0100	0000.365
-01.0961	-00.0103	0000.366
-01.0994	-00.0103	0000.367
-01.1025	-00.0103	0000.368
-01.1052	-00.0100	0000.369
-01.1080	-00.0097	0000.370
-01.1116	-00.0103	0000.371
-01.1144	-00.0103	0000.372
-01.1171	-00.0106	0000.373
-01.1202	-00.0106	0000.374
-01.1235	-00.0103	0000.375
-01.1266	-00.0103	0000.376
-01.1290	-00.0103	0000.377
-01.1321	-00.0103	0000.378
-01.1354	-00.0109	0000.379
-01.1385	-00.0109	0000.380
-01.1419	-00.0106	0000.381
-01.1446	-00.0103	0000.382
-01.1480	-00.0106	0000.383
-01.1501	-00.0106	0000.384
-01.1538	-00.0106	0000.385
-01.1562	-00.0106	0000.386
-01.1596	-00.0106	0000.387
-01.1626	-00.0106	0000.388
-01.1647	-00.0109	0000.389
-01.1684	-00.0106	0000.390
-01.1715	-00.0106	0000.391
-01.1745	-00.0113	0000.392
-01.1769	-00.0106	0000.393
-01.1806	-00.0113	0000.394
-01.1840	-00.0109	0000.395
-01.1864	-00.0109	0000.396
-01.1898	-00.0116	0000.397
-01.1925	-00.0106	0000.398
-01.1956	-00.0109	0000.399
-01.1983	-00.0109	0000.400
-01.2020	-00.0113	0000.401
-01.2041	-00.0109	0000.402
-01.2078	-00.0113	0000.403
-01.2105	-00.0109	0000.404
-01.2139	-00.0113	0000.405
-01.2166	-00.0113	0000.406
-01.2194	-00.0109	0000.407
-01.2230	-00.0113	0000.408
-01.2252	-00.0116	0000.409
-01.2282	-00.0113	0000.410
-01.2319	-00.0113	0000.411
-01.2346	-00.0116	0000.412
-01.2371	-00.0113	0000.413
-01.2407	-00.0116	0000.414
-01.2438	-00.0116	0000.415
-01.2465	-00.0119	0000.416
-01.2496	-00.0116	0000.417
-01.2526	-00.0116	0000.418
-01.2554	-00.0116	0000.419
-01.2581	-00.0116	0000.420
-01.2618	-00.0119	0000.421
-01.2645	-00.0116	0000.422
-01.2673	-00.0119	0000.423
-01.2703	-00.0116	0000.424
-01.2734	-00.0119	0000.425
-01.2767	-00.0109	0000.426
-01.2798	-00.0119	0000.427
-01.2825	-00.0116	0000.428
-01.2856	-00.0116	0000.429
-01.2886	-00.0119	0000.430
-01.2917	-00.0116	0000.431
-01.2947	-00.0122	0000.432
-01.2981	-00.0119	0000.433
-01.3005	-00.0116	0000.434
-01.3039	-00.0125	0000.435
-01.3073	-00.0119	0000.436
-01.3100	-00.0119	0000.437
-01.3124	-00.0119	0000.438
-01.3158	-00.0122	0000.439
-01.3186	-00.0134	0000.440
-01.3216	-00.0122	0000.441
-01.3247	-00.0122	0000.442
-01.3274	-00.0122	0000.443
-01.3305	-00.0119	0000.444
-01.3338	-00.0122	0000.445
-01.3369	-00.0119	0000.446
-01.3399	-00.0125	0000.447
-01.3433	-00.0119	0000.448
-01.3457	-00.0131	0000.449
-01.3485	-00.0116	0000.450
-01.3518	-00.0125	0000.451
-01.3552	-00.0125	0000.452
-01.3579	-00.0122	0000.453
-01.3613	-00.0128	0000.454
-01.3640	-00.0125	0000.455
-01.3665	-00.0125	0000.456
-01.3695	-00.0128	0000.457
-01.3726	-00.0125	0000.458
-01.3759	-00.0125	0000.459
-01.3790	-00.0128	0000.460
-01.3817	-00.0128	0000.461
-01.3854	-00.0128	0000.462
-01.3881	-00.0125	0000.463
-01.3903	-00.0131	0000.464
-01.3939	-00.0128	0000.465
-01.3967	-00.0134	0000.466
-01.4000	-00.0128	0000.467
-01.4022	-00.0128	0000.468
-01.4061	-00.0128	0000.469
-01.4086	-00.0131	0000.470
-01.4119	-00.0128	0000.471
-01.4147	-00.0128	0000.472
-01.4174	-00.0134	0000.473
-01.4208	-00.0125	0000.474
-01.4238	-00.0128	0000.475
-01.4269	-00.0134	0000.476
-01.4299	-00.0131	0000.477
-01.4330	-00.0137	0000.478
-01.4360	-00.0131	0000.479
-01.4391	-00.0131	0000.480
-01.4415	-00.0131	0000.481
-01.4449	-00.0134	0000.482
-01.4479	-00.0134	0000.483
-01.4504	-00.0137	0000.484
-01.4537	-00.0134	0000.485
-01.4568	-00.0131	0000.486
-01.4598	-00.0131	0000.487
-01.4629	-00.0134	0000.488
-01.4663	-00.0137	0000.489
-01.4690	-00.0131	0000.490
-01.4714	-00.0131	0000.491
-01.4748	-00.0134	0000.492
-01.4779	-00.0140	0000.493
-01.4812	-00.0137	0000.494
-01.4840	-00.0137	0000.495
-01.4870	-00.0134	0000.496
-01.4901	-00.0137	0000.497
-01.4931	-00.0140	0000.498
-01.4965	-00.0131	0000.499
-01.4989	-00.0140	0000.500
-01.5023	-00.0137	0000.501
-01.5047	-00.0137	0000.502
-01.5078	-00.0140	0000.503
-01.5108	-00.0140	0000.504
-01.5139	-00.0140	0000.505
-01.5169	-00.0140	0000.506
-01.5197	-00.0140	0000.507
-01.5227	-00.0140	0000.508
-01.5261	-00.0140	0000.509
-01.5288	-00.0140	0000.510
-01.5319	-00.0143	0000.511
-01.5349	-00.0143	0000.512
-01.5383	-00.0140	0000.513
-01.5407	-00.0143	0000.514
-01.5438	-00.0143	0000.515
-01.5471	-00.0140	0000.516
-01.5499	-00.0143	0000.517
-01.5529	-00.0143	0000.518
-01.5560	-00.0140	0000.519
-01.5587	-00.0143	0000.520
-01.5621	-00.0146	0000.521
-01.5648	-00.0146	0000.522
-01.5685	-00.0143	0000.523
-01.5712	-00.0134	0000.524
-01.5743	-00.0146	0000.525
-01.5767	-00.0143	0000.526
-01.5798	-00.0140	0000.527
-01.5834	-00.0146	0000.528
-01.5859	-00.0146	0000.529
-01.5899	-00.0146	0000.530
-01.5920	-00.0149	0000.531
-01.5950	-00.0146	0000.532
-01.5981	-00.0143	0000.533
-01.6008	-00.0143	0000.534
-01.6042	-00.0149	0000.535
-01.6072	-00.0146	0000.536
-01.6106	-00.0149	0000.537
-01.6124	-00.0146	0000.538
-01.6167	-00.0149	0000.539
-01.6188	-00.0146	0000.540
-01.6228	-00.0149	0000.541
-01.6249	-00.0149	0000.542
-01.6283	-00.0149	0000.543
-01.6311	-00.0146	0000.544
-01.6344	-00.0149	0000.545
-01.6372	-00.0152	0000.546
-01.6405	-00.0152	0000.547
-01.6433	-00.0149	0000.548
-01.6457	-00.0161	0000.549
-01.6494	-00.0149	0000.550
-01.6521	-00.0155	0000.551
-01.6552	-00.0155	0000.552
-01.6579	-00.0149	0000.553
-01.6613	-00.0152	0000.554
-01.6649	-00.0155	0000.555
-01.6671	-00.0152	0000.556
-01.6704	-00.0146	0000.557
-01.6735	-00.0155	0000.558
-01.6765	-00.0152	0000.559
-01.6793	-00.0155	0000.560
-01.6820	-00.0155	0000.561
-01.6851	-00.0155	0000.562
-01.6884	-00.0155	0000.563
-01.6912	-00.0155	0000.564
-01.6939	-00.0152	0000.565
-01.6970	-00.0158	0000.566
-01.7003	-00.0155	0000.567
-01.7031	-00.0158	0000.568
-01.7064	-00.0152	0000.569
-01.7098	-00.0158	0000.570
-01.7125	-00.0155	0000.571
-01.7153	-00.0155	0000.572
-01.7177	-00.0155	0000.573
-01.7211	-00.0155	0000.574
-01.7241	-00.0155	0000.575
-01.7281	-00.0155	0000.576
-01.7302	-00.0155	0000.577
-01.7330	-00.0161	0000.578
-01.7363	-00.0158	0000.579
-01.7394	-00.0158	0000.580
-01.7424	-00.0158	0000.581
-01.7452	-00.0161	0000.582
-01.7485	-00.0161	0000.583
-01.7513	-00.0158	0000.584
-01.7543	-00.0161	0000.585
-01.7574	-00.0158	0000.586
-01.7601	-00.0158	0000.587
-01.7629	-00.0161	0000.588
-01.7665	-00.0161	0000.589
-01.7693	-00.0158	0000.590
-01.7723	-00.0164	0000.591
-01.7751	-00.0161	0000.592
-01.7785	-00.0158	0000.593
-01.7815	-00.0164	0000.594
-01.7852	-00.0161	0000.595
-01.7870	-00.0161	0000.596
-01.7900	-00.0164	0000.597
-01.7931	-00.0164	0000.598
-01.7968	-00.0161	0000.599
-01.7998	-00.0161	0000.600
-01.8019	-00.0161	0000.601
-01.8053	-00.0164	0000.602
-01.8084	-00.0164	0000.603
-01.8114	-00.0161	0000.604
-01.8142	-00.0167	0000.605
-01.8178	-00.0161	0000.606
-01.8206	-00.0164	0000.607
-01.8233	-00.0164	0000.608
-01.8261	-00.0164	0000.609
-01.8294	-00.0167	0000.610
-01.8325	-00.0164	0000.611
-01.8355	-00.0167	0000.612
-01.8386	-00.0167	0000.613
-01.8416	-00.0164	0000.614
-01.8441	-00.0164	0000.615
-01.8474	-00.0167	0000.616
-01.8505	-00.0164	0000.617
-01.8541	-00.0167	0000.618
-01.8563	-00.0167	0000.619
-01.8593	-00.0167	0000.620
-01.8624	-00.0167	0000.621
-01.8654	-00.0164	0000.622
-01.8691	-00.0171	0000.623
-01.8715	-00.0171	0000.624
-01.8749	-00.0171	0000.625
-01.8776	-00.0171	0000.626
-01.8810	-00.0167	0000.627
-01.8834	-00.0171	0000.628
-01.8868	-00.0171	0000.629
-01.8898	-00.0171	0000.630
-01.8926	-00.0171	0000.631
-01.8956	-00.0174	0000.632
-01.8981	-00.0171	0000.633
-01.9017	-00.0171	0000.634
-01.9045	-00.0174	0000.635
-01.9082	-00.0171	0000.636
-01.9106	-00.0174	0000.637
-01.9136	-00.0171	0000.638
-01.9164	-00.0174	0000.639
-01.9201	-00.0177	0000.640
-01.9225	-00.0171	0000.641
-01.9262	-00.0171	0000.642
-01.9289	-00.0174	0000.643
-01.9316	-00.0177	0000.644
-01.9341	-00.0180	0000.645
-01.9381	-00.0174	0000.646
-01.9405	-00.0171	0000.647
-01.9442	-00.0177	0000.648
-01.9466	-00.0177	0000.649
-01.9497	-00.0177	0000.650
-01.9530	-00.0177	0000.651
-01.9555	-00.0177	0000.652
-01.9591	-00.0177	0000.653
-01.9619	-00.0177	0000.654
-01.9649	-00.0177	0000.655
-01.9677	-00.0180	0000.656
-01.9707	-00.0177	0000.657
-01.9738	-00.0177	0000.658
-01.9768	-00.0180	0000.659
-01.9799	-00.0177	0000.660
-01.9829	-00.0177	0000.661
-01.9857	-00.0180	0000.662
-01.9887	-00.0183	0000.663
-01.9921	-00.0180	0000.664
-01.9948	-00.0180	0000.665
-01.9976	-00.0177	0000.666
-02.0006	-00.0180	0000.667
-02.0034	-00.0183	0000.668
-02.0067	-00.0186	0000.669
-02.0098	-00.0180	0000.670
-02.0131	-00.0183	0000.671
-02.0159	-00.0183	0000.672
-02.0189	-00.0180	0000.673
-02.0223	-00.0183	0000.674
-02.0247	-00.0183	0000.675
-02.0284	-00.0183	0000.676
-02.0308	-00.0186	0000.677
-02.0339	-00.0186	0000.678
-02.0369	-00.0180	0000.679
-02.0397	-00.0183	0000.680
-02.0427	-00.0183	0000.681
-02.0458	-00.0183	0000.682
-02.0491	-00.0186	0000.683
-02.0516	-00.0180	0000.684
-02.0552	-00.0183	0000.685
-02.0577	-00.0183	0000.686
-02.0607	-00.0186	0000.687
-02.0638	-00.0186	0000.688
-02.0668	-00.0186	0000.689
-02.0699	-00.0186	0000.690
-02.0723	-00.0186	0000.691
-02.0754	-00.0186	0000.692
-02.0787	-00.0189	0000.693
-02.0821	-00.0189	0000.694
-02.0848	-00.0189	0000.695
-02.0873	-00.0186	0000.696
-02.0906	-00.0186	0000.697
-02.0940	-00.0189	0000.698
-02.0967	-00.0195	0000.699
-02.1004	-00.0192	0000.700
-02.1035	-00.0186	0000.701
-02.1059	-00.0192	0000.702
-02.1090	-00.0189	0000.703
-02.1123	-00.0192	0000.704
-02.1148	-00.0192	0000.705
-02.1181	-00.0189	0000.706
-02.1209	-00.0189	0000.707
-02.1236	-00.0192	0000.708
-02.1273	-00.0192	0000.709
-02.1300	-00.0192	0000.710
-02.1331	-00.0189	0000.711
-02.1361	-00.0189	0000.712
-02.1395	-00.0189	0000.713
-02.1422	-00.0189	0000.714
-02.1450	-00.0192	0000.715
-02.1480	-00.0192	0000.716
-02.1511	-00.0192	0000.717
-02.1538	-00.0189	0000.718
-02.1566	-00.0195	0000.719
-02.1599	-00.0192	0000.720
-02.1633	-00.0192	0000.721
-02.1663	-00.0192	0000.722
-02.1691	-00.0189	0000.723
-02.1727	-00.0192	0000.724
-02.1746	-00.0198	0000.725
-02.1776	-00.0198	0000.726
-02.1810	-00.0195	0000.727
-02.1843	-00.0195	0000.728
-02.1871	-00.0192	0000.729
-02.1898	-00.0195	0000.730
-02.1935	-00.0195	0000.731
-02.1962	-00.0195	0000.732
-02.1990	-00.0195	0000.733
-02.2017	-00.0201	0000.734
-02.2051	-00.0198	0000.735
-02.2081	-00.0198	0000.736
-02.2112	-00.0198	0000.737
-02.2136	-00.0195	0000.738
-02.2173	-00.0198	0000.739
-02.2200	-00.0198	0000.740
-02.2234	-00.0195	0000.741
-02.2261	-00.0201	0000.742
-02.2289	-00.0201	0000.743
-02.2322	-00.0201	0000.744
-02.2353	-00.0198	0000.745
-02.2384	-00.0201	0000.746
-02.2411	-00.0201	0000.747
-02.2438	-00.0201	0000.748
-02.2472	-00.0201	0000.749
-02.2493	-00.0204	0000.750
-02.2527	-00.0198	0000.751
-02.2561	-00.0204	0000.752
-02.2597	-00.0201	0000.753
-02.2625	-00.0201	0000.754
-02.2649	-00.0201	0000.755
-02.2680	-00.0204	0000.756
-02.2710	-00.0198	0000.757
-02.2744	-00.0204	0000.758
-02.2774	-00.0207	0000.759
-02.2802	-00.0204	0000.760
-02.2829	-00.0204	0000.761
-02.2857	-00.0204	0000.762
-02.2893	-00.0207	0000.763
-02.2921	-00.0207	0000.764
-02.2960	-00.0201	0000.765
-02.2982	-00.0207	0000.766
-02.3009	-00.0201	0000.767
-02.3043	-00.0207	0000.768
-02.3073	-00.0201	0000.769
-02.3107	-00.0207	0000.770
-02.3131	-00.0201	0000.771
-02.3159	-00.0204	0000.772
-02.3192	-00.0207	0000.773
-02.3220	-00.0210	0000.774
-02.3256	-00.0207	0000.775
-02.3281	-00.0210	0000.776
-02.3317	-00.0210	0000.777
-02.3345	-00.0207	0000.778
-02.3369	-00.0210	0000.779
-02.3400	-00.0210	0000.780
-02.3433	-00.0210	0000.781
-02.3464	-00.0207	0000.782
-02.3494	-00.0213	0000.783
-02.3522	-00.0207	0000.784
-02.3552	-00.0207	0000.785
-02.3580	-00.0210	0000.786
-02.3613	-00.0210	0000.787
-02.3647	-00.0210	0000.788
-02.3671	-00.0207	0000.789
-02.3699	-00.0213	0000.790
-02.3735	-00.0213	0000.791
-02.3760	-00.0213	0000.792
-02.3790	-00.0210	0000.793
-02.3827	-00.0210	0000.794
-02.3861	-00.0213	0000.795
-02.3879	-00.0216	0000.796
-02.3912	-00.0210	0000.797
-02.3943	-00.0210	0000.798
-02.3970	-00.0216	0000.799
-02.4004	-00.0213	0000.800
-02.4031	-00.0216	0000.801
-02.4068	-00.0213	0000.802
-02.4092	-00.0216	0000.803
-02.4126	-00.0210	0000.804
-02.4154	-00.0213	0000.805
-02.4184	-00.0213	0000.806
-02.4215	-00.0216	0000.807
-02.4242	-00.0213	0000.808
-02.4266	-00.0210	0000.809
-02.4300	-00.0213	0000.810
-02.4331	-00.0219	0000.811
-02.4364	-00.0219	0000.812
-02.4389	-00.0219	0000.813
-02.4425	-00.0210	0000.814
-02.4456	-00.0216	0000.815
-02.4480	-00.0216	0000.816
-02.4511	-00.0219	0000.817
-02.4541	-00.0219	0000.818
-02.4578	-00.0222	0000.819
-02.4605	-00.0219	0000.820
-02.4639	-00.0216	0000.821
-02.4669	-00.0219	0000.822
-02.4697	-00.0222	0000.823
-02.4718	-00.0219	0000.824
-02.4755	-00.0216	0000.825
-02.4785	-00.0216	0000.826
-02.4816	-00.0219	0000.827
-02.4843	-00.0222	0000.828
-02.4877	-00.0222	0000.829
-02.4910	-00.0219	0000.830
-02.4935	-00.0222	0000.831
-02.4959	-00.0222	0000.832
-02.4999	-00.0222	0000.833
-02.5026	-00.0222	0000.834
-02.5054	-00.0219	0000.835
-02.5084	-00.0222	0000.836
-02.5112	-00.0222	0000.837
-02.5142	-00.0219	0000.838
-02.5170	-00.0219	0000.839
-02.5206	-00.0222	0000.840
-02.5237	-00.0225	0000.841
-02.5264	-00.0225	0000.842
-02.5295	-00.0229	0000.843
-02.5325	-00.0222	0000.844
-02.5359	-00.0222	0000.845
-02.5386	-00.0229	0000.846
-02.5417	-00.0225	0000.847
-02.5444	-00.0222	0000.848
-02.5475	-00.0222	0000.849
-02.5512	-00.0229	0000.850
-02.5530	-00.0225	0000.851
-02.5566	-00.0225	0000.852
-02.5594	-00.0225	0000.853
-02.5621	-00.0229	0000.854
-02.5655	-00.0225	0000.855
-02.5686	-00.0229	0000.856
-02.5719	-00.0229	0000.857
-02.5747	-00.0229	0000.858
-02.5774	-00.0229	0000.859
-02.5801	-00.0229	0000.860
-02.5832	-00.0229	0000.861
-02.5869	-00.0229	0000.862
-02.5893	-00.0229	0000.863
-02.5927	-00.0232	0000.864
-02.5954	-00.0232	0000.865
-02.5988	-00.0229	0000.866
-02.6015	-00.0229	0000.867
-02.6046	-00.0235	0000.868
-02.6076	-00.0229	0000.869
-02.6107	-00.0232	0000.870
-02.6134	-00.0232	0000.871
-02.6165	-00.0232	0000.872
-02.6195	-00.0229	0000.873
-02.6232	-00.0229	0000.874
-02.6256	-00.0235	0000.875
-02.6287	-00.0232	0000.876
-02.6320	-00.0235	0000.877
-02.6345	-00.0235	0000.878
-02.6381	-00.0235	0000.879
-02.6412	-00.0235	0000.880
-02.6436	-00.0232	0000.881
-02.6464	-00.0232	0000.882
-02.6503	-00.0235	0000.883
-02.6531	-00.0232	0000.884
-02.6558	-00.0238	0000.885
-02.6589	-00.0238	0000.886
-02.6622	-00.0235	0000.887
-02.6647	-00.0238	0000.888
-02.6674	-00.0235	0000.889
-02.6705	-00.0238	0000.890
-02.6732	-00.0235	0000.891
-02.6766	-00.0241	0000.892
-02.6799	-00.0238	0000.893
-02.6824	-00.0235	0000.894
-02.6857	-00.0238	0000.895
-02.6885	-00.0238	0000.896
-02.6918	-00.0238	0000.897
-02.6952	-00.0238	0000.898
-02.6979	-00.0235	0000.899
-02.7010	-00.0244	0000.900
-02.7037	-00.0241	0000.901
-02.7068	-00.0238	0000.902
-02.7095	-00.0241	0000.903
-02.7129	-00.0244	0000.904
-02.7156	-00.0247	0000.905
-02.7187	-00.0238	0000.906
-02.7221	-00.0241	0000.907
-02.7245	-00.0244	0000.908
-02.7275	-00.0241	0000.909
-02.7306	-00.0241	0000.910
-02.7340	-00.0241	0000.911
-02.7367	-00.0241	0000.912
-02.7394	-00.0241	0000.913
-02.7422	-00.0244	0000.914
-02.7459	-00.0244	0000.915
-02.7486	-00.0241	0000.916
-02.7520	-00.0244	0000.917
-02.7544	-00.0247	0000.918
-02.7578	-00.0241	0000.919
-02.7608	-00.0241	0000.920
-02.7636	-00.0244	0000.921
-02.7666	-00.0247	0000.922
-02.7694	-00.0247	0000.923
-02.7730	-00.0244	0000.924
-02.7758	-00.0244	0000.925
-02.7785	-00.0247	0000.926
-02.7819	-00.0247	0000.927
-02.7852	-00.0244	0000.928
-02.7877	-00.0250	0000.929
-02.7907	-00.0247	0000.930
-02.7935	-00.0247	0000.931
-02.7962	-00.0247	0000.932
-02.8002	-00.0244	0000.933
-02.8032	-00.0247	0000.934
-02.8066	-00.0250	0000.935
-02.8090	-00.0253	0000.936
-02.8118	-00.0247	0000.937
-02.8151	-00.0250	0000.938
-02.8173	-00.0247	0000.939
-02.8206	-00.0247	0000.940
-02.8240	-00.0250	0000.941
-02.8270	-00.0253	0000.942
-02.8301	-00.0253	0000.943
-02.8325	-00.0250	0000.944
-02.8359	-00.0256	0000.945
-02.8392	-00.0247	0000.946
-02.8420	-00.0256	0000.947
-02.8453	-00.0253	0000.948
-02.8478	-00.0253	0000.949
-02.8508	-00.0253	0000.950
-02.8536	-00.0256	0000.951
-02.8569	-00.0253	0000.952
-02.8600	-00.0253	0000.953
-02.8630	-00.0253	0000.954
-02.8655	-00.0250	0000.955
-02.8688	-00.0256	0000.956
-02.8716	-00.0253	0000.957
-02.8746	-00.0253	0000.958
-02.8783	-00.0256	0000.959
-02.8814	-00.0259	0000.960
-02.8835	-00.0256	0000.961
-02.8872	-00.0262	0000.962
-02.8896	-00.0256	0000.963
-02.8923	-00.0256	0000.964
-02.8960	-00.0256	0000.965
-02.8991	-00.0256	0000.966
-02.9015	-00.0259	0000.967
-02.9052	-00.0262	0000.968
-02.9073	-00.0256	0000.969
-02.9107	-00.0259	0000.970
-02.9137	-00.0259	0000.971
-02.9168	-00.0259	0000.972
-02.9198	-00.0256	0000.973
-02.9232	-00.0262	0000.974
-02.9259	-00.0259	0000.975
-02.9284	-00.0259	0000.976
-02.9320	-00.0265	0000.977
-02.9345	-00.0262	0000.978
-02.9378	-00.0259	0000.979
-02.9409	-00.0265	0000.980
-02.9433	-00.0262	0000.981
-02.9476	-00.0262	0000.982
-02.9500	-00.0265	0000.983
-02.9531	-00.0265	0000.984
-02.9558	-00.0259	0000.985
-02.9595	-00.0259	0000.986
-02.9616	-00.0259	0000.987
-02.9647	-00.0268	0000.988
-02.9680	-00.0259	0000.989
-02.9708	-00.0265	0000.990
-02.9738	-00.0262	0000.991
-02.9772	-00.0262	0000.992
-02.9802	-00.0265	0000.993
-02.9827	-00.0265	0000.994
-02.9866	-00.0265	0000.995
-02.9885	-00.0268	0000.996
-02.9918	-00.0262	0000.997
-02.9949	-00.0265	0000.998
-02.9979	-00.0265	0000.999
-03.0010	-00.0265	0001.000
-03.0037	-00.0268	0001.001
-03.0013	-00.0265	0001.002
-02.9976	-00.0268	0001.003
-02.9958	-00.0268	0001.004
-02.9924	-00.0271	0001.005
-02.9894	-00.0268	0001.006
-02.9860	-00.0271	0001.007
-02.9839	-00.0268	0001.008
-02.9802	-00.0268	0001.009
-02.9772	-00.0262	0001.010
-02.9738	-00.0271	0001.011
-02.9714	-00.0265	0001.012
-02.9686	-00.0268	0001.013
-02.9653	-00.0268	0001.014
-02.9622	-00.0268	0001.015
-02.9595	-00.0265	0001.016
-02.9561	-00.0274	0001.017
-02.9531	-00.0268	0001.018
-02.9500	-00.0271	0001.019
-02.9476	-00.0268	0001.020
-02.9448	-00.0265	0001.021
-02.9412	-00.0265	0001.022
-02.9381	-00.0265	0001.023
-02.9348	-00.0271	0001.024
-02.9326	-00.0268	0001.025
-02.9302	-00.0265	0001.026
-02.9262	-00.0268	0001.027
-02.9229	-00.0268	0001.028
-02.9201	-00.0271	0001.029
-02.9174	-00.0265	0001.030
-02.9146	-00.0268	0001.031
-02.9113	-00.0268	0001.032
-02.9082	-00.0268	0001.033
-02.9052	-00.0268	0001.034
-02.9021	-00.0268	0001.035
-02.8991	-00.0268	0001.036
-02.8960	-00.0268	0001.037
-02.8933	-00.0268	0001.038
-02.8902	-00.0283	0001.039
-02.8872	-00.0265	0001.040
-02.8835	-00.0268	0001.041
-02.8807	-00.0265	0001.042
-02.8780	-00.0268	0001.043
-02.8749	-00.0271	0001.044
-02.8722	-00.0268	0001.045
-02.8691	-00.0268	0001.046
-02.8658	-00.0271	0001.047
-02.8630	-00.0265	0001.048
-02.8603	-00.0268	0001.049
-02.8572	-00.0265	0001.050
-02.8539	-00.0271	0001.051
-02.8511	-00.0262	0001.052
-02.8481	-00.0268	0001.053
-02.8450	-00.0268	0001.054
-02.8420	-00.0268	0001.055
-02.8392	-00.0271	0001.056
-02.8365	-00.0265	0001.057
-02.8334	-00.0265	0001.058
-02.8298	-00.0268	0001.059
-02.8276	-00.0268	0001.060
-02.8240	-00.0265	0001.061
-02.8206	-00.0265	0001.062
-02.8176	-00.0268	0001.063
-02.8154	-00.0265	0001.064
-02.8127	-00.0268	0001.065
-02.8090	-00.0268	0001.066
-02.8066	-00.0268	0001.067
-02.8038	-00.0271	0001.068
-02.7999	-00.0268	0001.069
-02.7968	-00.0265	0001.070
-02.7947	-00.0265	0001.071
-02.7916	-00.0268	0001.072
-02.7883	-00.0265	0001.073
-02.7849	-00.0265	0001.074
-02.7822	-00.0268	0001.075
-02.7794	-00.0265	0001.076
-02.7761	-00.0268	0001.077
-02.7733	-00.0265	0001.078
-02.7697	-00.0268	0001.079
-02.7675	-00.0265	0001.080
-02.7633	-00.0268	0001.081
-02.7611	-00.0265	0001.082
-02.7578	-00.0268	0001.083
-02.7553	-00.0265	0001.084
-02.7523	-00.0268	0001.085
-02.7489	-00.0271	0001.086
-02.7462	-00.0262	0001.087
-02.7431	-00.0268	0001.088
-02.7398	-00.0265	0001.089
-02.7370	-00.0265	0001.090
-02.7346	-00.0268	0001.091
-02.7312	-00.0265	0001.092
-02.7275	-00.0262	0001.093
-02.7248	-00.0268	0001.094
-02.7217	-00.0268	0001.095
-02.7193	-00.0268	0001.096
-02.7160	-00.0268	0001.097
-02.7138	-00.0268	0001.098
-02.7098	-00.0265	0001.099
-02.7068	-00.0265	0001.100
-02.7037	-00.0268	0001.101
-02.7010	-00.0265	0001.102
-02.6979	-00.0265	0001.103
-02.6952	-00.0250	0001.104
-02.6915	-00.0265	0001.105
-02.6882	-00.0265	0001.106
-02.6867	-00.0265	0001.107
-02.6833	-00.0265	0001.108
-02.6799	-00.0265	0001.109
-02.6769	-00.0265	0001.110
-02.6741	-00.0265	0001.111
-02.6711	-00.0262	0001.112
-02.6680	-00.0265	0001.113
-02.6650	-00.0268	0001.114
-02.6619	-00.0268	0001.115
-02.6592	-00.0268	0001.116
-02.6561	-00.0268	0001.117
-02.6525	-00.0265	0001.118
-02.6503	-00.0262	0001.119
-02.6473	-00.0265	0001.120
-02.6433	-00.0265	0001.121
-02.6409	-00.0265	0001.122
-02.6378	-00.0262	0001.123
-02.6351	-00.0262	0001.124
-02.6326	-00.0265	0001.125
-02.6293	-00.0262	0001.126
-02.6253	-00.0262	0001.127
-02.6229	-00.0262	0001.128
-02.6192	-00.0268	0001.129
-02.6168	-00.0268	0001.130
-02.6143	-00.0265	0001.131
-02.6113	-00.0262	0001.132
-02.6076	-00.0259	0001.133
-02.6046	-00.0265	0001.134
-02.6015	-00.0262	0001.135
-02.5982	-00.0262	0001.136
-02.5960	-00.0262	0001.137
-02.5933	-00.0265	0001.138
-02.5899	-00.0265	0001.139
-02.5866	-00.0265	0001.140
-02.5835	-00.0262	0001.141
-02.5805	-00.0262	0001.142
-02.5777	-00.0259	0001.143
-02.5747	-00.0262	0001.144
-02.5716	-00.0268	0001.145
-02.5692	-00.0262	0001.146
-02.5658	-00.0265	0001.147
-02.5628	-00.0262	0001.148
-02.5600	-00.0265	0001.149
-02.5570	-00.0265	0001.150
-02.5539	-00.0262	0001.151
-02.5509	-00.0265	0001.152
-02.5481	-00.0259	0001.153
-02.5447	-00.0262	0001.154
-02.5414	-00.0265	0001.155
-02.5389	-00.0256	0001.156
-02.5353	-00.0262	0001.157
-02.5335	-00.0259	0001.158
-02.5295	-00.0259	0001.159
-02.5270	-00.0262	0001.160
-02.5240	-00.0265	0001.161
-02.5203	-00.0262	0001.162
-02.5176	-00.0265	0001.163
-02.5142	-00.0259	0001.164
-02.5118	-00.0265	0001.165
-02.5087	-00.0265	0001.166
-02.5057	-00.0262	0001.167
-02.5032	-00.0262	0001.168
-02.4996	-00.0265	0001.169
-02.4968	-00.0268	0001.170
-02.4935	-00.0262	0001.171
-02.4910	-00.0265	0001.172
-02.4877	-00.0262	0001.173
-02.4843	-00.0259	0001.174
-02.4813	-00.0259	0001.175
-02.4785	-00.0262	0001.176
-02.4749	-00.0259	0001.177
-02.4727	-00.0262	0001.178
-02.4697	-00.0259	0001.179
-02.4672	-00.0259	0001.180
-02.4636	-00.0259	0001.181
-02.4602	-00.0262	0001.182
-02.4581	-00.0259	0001.183
-02.4550	-00.0259	0001.184
-02.4517	-00.0259	0001.185
-02.4486	-00.0259	0001.186
-02.4459	-00.0259	0001.187
-02.4425	-00.0259	0001.188
-02.4398	-00.0262	0001.189
-02.4373	-00.0262	0001.190
-02.4343	-00.0262	0001.191
-02.4306	-00.0262	0001.192
-02.4279	-00.0262	0001.193
-02.4242	-00.0262	0001.194
-02.4215	-00.0262	0001.195
-02.4187	-00.0259	0001.196
-02.4157	-00.0259	0001.197
-02.4123	-00.0256	0001.198
-02.4096	-00.0256	0001.199
-02.4068	-00.0259	0001.200
-02.4031	-00.0262	0001.201
-02.4004	-00.0256	0001.202
-02.3980	-00.0259	0001.203
-02.3949	-00.0259	0001.204
-02.3912	-00.0259	0001.205
-02.3888	-00.0247	0001.206
-02.3858	-00.0265	0001.207
-02.3818	-00.0256	0001.208
-02.3796	-00.0256	0001.209
-02.3766	-00.0256	0001.210
-02.3735	-00.0259	0001.211
-02.3699	-00.0256	0001.212
-02.3671	-00.0262	0001.213
-02.3644	-00.0259	0001.214
-02.3613	-00.0259	0001.215
-02.3586	-00.0259	0001.216
-02.3555	-00.0262	0001.217
-02.3525	-00.0259	0001.218
-02.3500	-00.0256	0001.219
-02.3467	-00.0259	0001.220
-02.3436	-00.0259	0001.221
-02.3412	-00.0259	0001.222
-02.3378	-00.0253	0001.223
-02.3345	-00.0256	0001.224
-02.3314	-00.0256	0001.225
-02.3290	-00.0259	0001.226
-02.3253	-00.0259	0001.227
-02.3226	-00.0259	0001.228
-02.3195	-00.0259	0001.229
-02.3159	-00.0256	0001.230
-02.3140	-00.0256	0001.231
-02.3101	-00.0259	0001.232
-02.3082	-00.0256	0001.233
-02.3046	-00.0256	0001.234
-02.3015	-00.0256	0001.235
-02.2979	-00.0253	0001.236
-02.2957	-00.0256	0001.237
-02.2927	-00.0262	0001.238
-02.2896	-00.0259	0001.239
-02.2860	-00.0271	0001.240
-02.2838	-00.0256	0001.241
-02.2808	-00.0259	0001.242
-02.2777	-00.0253	0001.243
-02.2747	-00.0256	0001.244
-02.2707	-00.0256	0001.245
-02.2686	-00.0256	0001.246
-02.2652	-00.0256	0001.247
-02.2622	-00.0259	0001.248
-02.2594	-00.0259	0001.249
-02.2564	-00.0253	0001.250
-02.2533	-00.0259	0001.251
-02.2506	-00.0256	0001.252
-02.2472	-00.0259	0001.253
-02.2451	-00.0259	0001.254
-02.2414	-00.0250	0001.255
-02.2390	-00.0256	0001.256
-02.2353	-00.0256	0001.257
-02.2319	-00.0250	0001.258
-02.2292	-00.0256	0001.259
-02.2261	-00.0256	0001.260
-02.2234	-00.0253	0001.261
-02.2207	-00.0256	0001.262
-02.2173	-00.0253	0001.263
-02.2145	-00.0256	0001.264
-02.2109	-00.0250	0001.265
-02.2084	-00.0256	0001.266
-02.2054	-00.0256	0001.267
-02.2030	-00.0256	0001.268
-02.1993	-00.0253	0001.269
-02.1965	-00.0256	0001.270
-02.1932	-00.0253	0001.271
-02.1904	-00.0250	0001.272
-02.1877	-00.0256	0001.273
-02.1843	-00.0256	0001.274
-02.1819	-00.0253	0001.275
-02.1782	-00.0253	0001.276
-02.1755	-00.0253	0001.277
-02.1721	-00.0253	0001.278
-02.1694	-00.0253	0001.279
-02.1660	-00.0253	0001.280
-02.1627	-00.0253	0001.281
-02.1605	-00.0247	0001.282
-02.1572	-00.0253	0001.283
-02.1544	-00.0250	0001.284
-02.1505	-00.0253	0001.285
-02.1480	-00.0253	0001.286
-02.1450	-00.0253	0001.287
-02.1428	-00.0256	0001.288
-02.1395	-00.0250	0001.289
-02.1364	-00.0253	0001.290
-02.1337	-00.0253	0001.291
-02.1300	-00.0253	0001.292
-02.1273	-00.0250	0001.293
-02.1242	-00.0253	0001.294
-02.1212	-00.0250	0001.295
-02.1184	-00.0250	0001.296
-02.1157	-00.0253	0001.297
-02.1129	-00.0250	0001.298
-02.1087	-00.0250	0001.299
-02.1068	-00.0253	0001.300
-02.1029	-00.0250	0001.301
-02.1004	-00.0250	0001.302
-02.0971	-00.0250	0001.303
-02.0943	-00.0250	0001.304
-02.0910	-00.0253	0001.305
-02.0873	-00.0247	0001.306
-02.0852	-00.0250	0001.307
-02.0821	-00.0250	0001.308
-02.0794	-00.0253	0001.309
-02.0763	-00.0250	0001.310
-02.0729	-00.0256	0001.311
-02.0702	-00.0250	0001.312
-02.0671	-00.0247	0001.313
-02.0644	-00.0253	0001.314
-02.0613	-00.0253	0001.315
-02.0580	-00.0250	0001.316
-02.0546	-00.0250	0001.317
-02.0522	-00.0250	0001.318
-02.0498	-00.0253	0001.319
-02.0461	-00.0250	0001.320
-02.0430	-00.0253	0001.321
-02.0400	-00.0250	0001.322
-02.0372	-00.0250	0001.323
-02.0342	-00.0247	0001.324
-02.0311	-00.0247	0001.325
-02.0281	-00.0253	0001.326
-02.0250	-00.0250	0001.327
-02.0223	-00.0250	0001.328
-02.0189	-00.0247	0001.329
-02.0159	-00.0250	0001.330
-02.0128	-00.0247	0001.331
-02.0101	-00.0247	0001.332
-02.0070	-00.0250	0001.333
-02.0040	-00.0247	0001.334
-02.0012	-00.0250	0001.335
-01.9982	-00.0253	0001.336
-01.9951	-00.0247	0001.337
-01.9921	-00.0247	0001.338
-01.9884	-00.0247	0001.339
-01.9863	-00.0247	0001.340
-01.9823	-00.0244	0001.341
-01.9796	-00.0250	0001.342
-01.9771	-00.0250	0001.343
-01.9744	-00.0247	0001.344
-01.9710	-00.0250	0001.345
-01.9677	-00.0247	0001.346
-01.9649	-00.0250	0001.347
-01.9619	-00.0244	0001.348
-01.9594	-00.0247	0001.349
-01.9561	-00.0247	0001.350
-01.9527	-00.0247	0001.351
-01.9500	-00.0244	0001.352
-01.9469	-00.0241	0001.353
-01.9442	-00.0244	0001.354
-01.9405	-00.0247	0001.355
-01.9378	-00.0247	0001.356
-01.9344	-00.0241	0001.357
-01.9320	-00.0244	0001.358
-01.9289	-00.0247	0001.359
-01.9262	-00.0247	0001.360
-01.9228	-00.0247	0001.361
-01.9201	-00.0247	0001.362
-01.9167	-00.0247	0001.363
-01.9139	-00.0247	0001.364
-01.9103	-00.0244	0001.365
-01.9082	-00.0247	0001.366
-01.9054	-00.0241	0001.367
-01.9024	-00.0244	0001.368
-01.8990	-00.0250	0001.369
-01.8959	-00.0247	0001.370
-01.8929	-00.0241	0001.371
-01.8898	-00.0244	0001.372
-01.8877	-00.0247	0001.373
-01.8837	-00.0247	0001.374
-01.8810	-00.0247	0001.375
-01.8776	-00.0247	0001.376
-01.8746	-00.0244	0001.377
-01.8718	-00.0244	0001.378
-01.8691	-00.0244	0001.379
-01.8657	-00.0247	0001.380
-01.8630	-00.0241	0001.381
-01.8596	-00.0244	0001.382
-01.8569	-00.0247	0001.383
-01.8541	-00.0241	0001.384
-01.8511	-00.0244	0001.385
-01.8477	-00.0241	0001.386
-01.8450	-00.0241	0001.387
-01.8416	-00.0244	0001.388
-01.8386	-00.0241	0001.389
-01.8361	-00.0244	0001.390
-01.8331	-00.0241	0001.391
-01.8294	-00.0241	0001.392
-01.8267	-00.0244	0001.393
-01.8236	-00.0241	0001.394
-01.8209	-00.0241	0001.395
-01.8181	-00.0244	0001.396
-01.8148	-00.0241	0001.397
-01.8117	-00.0238	0001.398
-01.8087	-00.0244	0001.399
-01.8056	-00.0241	0001.400
-01.8029	-00.0238	0001.401
-01.8001	-00.0241	0001.402
-01.7968	-00.0241	0001.403
-01.7940	-00.0241	0001.404
-01.7904	-00.0241	0001.405
-01.7879	-00.0244	0001.406
-01.7849	-00.0241	0001.407
-01.7818	-00.0244	0001.408
-01.7788	-00.0241	0001.409
-01.7757	-00.0241	0001.410
-01.7727	-00.0238	0001.411
-01.7693	-00.0241	0001.412
-01.7669	-00.0238	0001.413
-01.7641	-00.0244	0001.414
-01.7608	-00.0241	0001.415
-01.7577	-00.0238	0001.416
-01.7546	-00.0238	0001.417
-01.7513	-00.0241	0001.418
-01.7488	-00.0241	0001.419
-01.7458	-00.0235	0001.420
-01.7427	-00.0238	0001.421
-01.7397	-00.0241	0001.422
-01.7366	-00.0241	0001.423
-01.7333	-00.0241	0001.424
-01.7308	-00.0238	0001.425
-01.7275	-00.0241	0001.426
-01.7241	-00.0241	0001.427
-01.7220	-00.0241	0001.428
-01.7189	-00.0238	0001.429
-01.7153	-00.0238	0001.430
-01.7128	-00.0238	0001.431
-01.7092	-00.0238	0001.432
-01.7067	-00.0235	0001.433
-01.7037	-00.0238	0001.434
-01.7003	-00.0235	0001.435
-01.6976	-00.0235	0001.436
-01.6945	-00.0235	0001.437
-01.6915	-00.0235	0001.438
-01.6887	-00.0241	0001.439
-01.6854	-00.0241	0001.440
-01.6823	-00.0238	0001.441
-01.6796	-00.0238	0001.442
-01.6765	-00.0235	0001.443
-01.6738	-00.0235	0001.444
-01.6704	-00.0238	0001.445
-01.6674	-00.0235	0001.446
-01.6646	-00.0241	0001.447
-01.6616	-00.0235	0001.448
-01.6585	-00.0232	0001.449
-01.6555	-00.0238	0001.450
-01.6527	-00.0235	0001.451
-01.6500	-00.0235	0001.452
-01.6463	-00.0235	0001.453
-01.6439	-00.0235	0001.454
-01.6411	-00.0235	0001.455
-01.6375	-00.0238	0001.456
-01.6344	-00.0232	0001.457
-01.6314	-00.0235	0001.458
-01.6280	-00.0235	0001.459
-01.6259	-00.0235	0001.460
-01.6228	-00.0238	0001.461
-01.6195	-00.0232	0001.462
-01.6164	-00.0235	0001.463
-01.6137	-00.0235	0001.464
-01.6103	-00.0235	0001.465
-01.6079	-00.0235	0001.466
-01.6051	-00.0235	0001.467
-01.6011	-00.0235	0001.468
-01.5984	-00.0235	0001.469
-01.5950	-00.0238	0001.470
-01.5926	-00.0235	0001.471
-01.5899	-00.0235	0001.472
-01.5865	-00.0229	0001.473
-01.5837	-00.0232	0001.474
-01.5807	-00.0232	0001.475
-01.5776	-00.0232	0001.476
-01.5743	-00.0238	0001.477
-01.5715	-00.0232	0001.478
-01.5682	-00.0235	0001.479
-01.5654	-00.0232	0001.480
-01.5621	-00.0235	0001.481
-01.5593	-00.0232	0001.482
-01.5563	-00.0232	0001.483
-01.5538	-00.0232	0001.484
-01.5502	-00.0235	0001.485
-01.5474	-00.0229	0001.486
-01.5444	-00.0232	0001.487
-01.5413	-00.0232	0001.488
-01.5380	-00.0232	0001.489
-01.5352	-00.0232	0001.490
-01.5325	-00.0229	0001.491
-01.5288	-00.0232	0001.492
-01.5258	-00.0229	0001.493
-01.5230	-00.0225	0001.494
-01.5203	-00.0232	0001.495
-01.5172	-00.0232	0001.496
-01.5142	-00.0229	0001.497
-01.5111	-00.0229	0001.498
-01.5084	-00.0229	0001.499
-01.5050	-00.0235	0001.500
-01.5017	-00.0229	0001.501
-01.4998	-00.0229	0001.502
-01.4965	-00.0229	0001.503
-01.4928	-00.0232	0001.504
-01.4898	-00.0229	0001.505
-01.4870	-00.0232	0001.506
-01.4846	-00.0229	0001.507
-01.4815	-00.0229	0001.508
-01.4779	-00.0229	0001.509
-01.4751	-00.0229	0001.510
-01.4724	-00.0235	0001.511
-01.4690	-00.0222	0001.512
-01.4666	-00.0225	0001.513
-01.4629	-00.0229	0001.514
-01.4605	-00.0229	0001.515
-01.4571	-00.0225	0001.516
-01.4540	-00.0229	0001.517
-01.4510	-00.0229	0001.518
-01.4483	-00.0225	0001.519
-01.4455	-00.0225	0001.520
-01.4421	-00.0225	0001.521
-01.4394	-00.0225	0001.522
-01.4363	-00.0225	0001.523
-01.4336	-00.0229	0001.524
-01.4299	-00.0229	0001.525
-01.4272	-00.0229	0001.526
-01.4241	-00.0229	0001.527
-01.4211	-00.0222	0001.528
-01.4177	-00.0222	0001.529
-01.4150	-00.0225	0001.530
-01.4122	-00.0229	0001.531
-01.4092	-00.0222	0001.532
-01.4064	-00.0225	0001.533
-01.4028	-00.0229	0001.534
-01.4003	-00.0225	0001.535
-01.3967	-00.0225	0001.536
-01.3942	-00.0225	0001.537
-01.3912	-00.0225	0001.538
-01.3881	-00.0225	0001.539
-01.3848	-00.0219	0001.540
-01.3814	-00.0222	0001.541
-01.3790	-00.0222	0001.542
-01.3765	-00.0222	0001.543
-01.3726	-00.0222	0001.544
-01.3701	-00.0225	0001.545
-01.3668	-00.0222	0001.546
-01.3637	-00.0219	0001.547
-01.3610	-00.0222	0001.548
-01.3585	-00.0222	0001.549
-01.3552	-00.0222	0001.550
-01.3521	-00.0222	0001.551
-01.3488	-00.0222	0001.552
-01.3457	-00.0222	0001.553
-01.3439	-00.0219	0001.554
-01.3399	-00.0225	0001.555
-01.3372	-00.0219	0001.556
-01.3341	-00.0219	0001.557
-01.3314	-00.0225	0001.558
-01.3280	-00.0216	0001.559
-01.3253	-00.0222	0001.560
-01.3222	-00.0222	0001.561
-01.3192	-00.0222	0001.562
-01.3161	-00.0219	0001.563
-01.3128	-00.0222	0001.564
-01.3100	-00.0222	0001.565
-01.3073	-00.0219	0001.566
-01.3039	-00.0222	0001.567
-01.3009	-00.0219	0001.568
-01.2981	-00.0222	0001.569
-01.2947	-00.0219	0001.570
-01.2917	-00.0219	0001.571
-01.2893	-00.0219	0001.572
-01.2865	-00.0222	0001.573
-01.2825	-00.0216	0001.574
-01.2804	-00.0219	0001.575
-01.2767	-00.0216	0001.576
-01.2740	-00.0219	0001.577
-01.2712	-00.0216	0001.578
-01.2682	-00.0213	0001.579
-01.2645	-00.0216	0001.580
-01.2618	-00.0219	0001.581
-01.2590	-00.0216	0001.582
-01.2554	-00.0216	0001.583
-01.2532	-00.0219	0001.584
-01.2502	-00.0216	0001.585
-01.2468	-00.0219	0001.586
-01.2435	-00.0219	0001.587
-01.2410	-00.0222	0001.588
-01.2377	-00.0222	0001.589
-01.2343	-00.0213	0001.590
-01.2322	-00.0219	0001.591
-01.2288	-00.0219	0001.592
-01.2258	-00.0213	0001.593
-01.2227	-00.0216	0001.594
-01.2197	-00.0219	0001.595
-01.2166	-00.0216	0001.596
-01.2142	-00.0216	0001.597
-01.2105	-00.0216	0001.598
-01.2078	-00.0213	0001.599
-01.2044	-00.0216	0001.600
-01.2014	-00.0216	0001.601
-01.1989	-00.0216	0001.602
-01.1962	-00.0216	0001.603
-01.1934	-00.0216	0001.604
-01.1895	-00.0216	0001.605
-01.1867	-00.0216	0001.606
-01.1843	-00.0216	0001.607
-01.1809	-00.0213	0001.608
-01.1776	-00.0198	0001.609
-01.1745	-00.0216	0001.610
-01.1721	-00.0213	0001.611
-01.1687	-00.0216	0001.612
-01.1660	-00.0213	0001.613
-01.1623	-00.0216	0001.614
-01.1599	-00.0216	0001.615
-01.1568	-00.0213	0001.616
-01.1538	-00.0213	0001.617
-01.1504	-00.0216	0001.618
-01.1477	-00.0213	0001.619
-01.1446	-00.0213	0001.620
-01.1412	-00.0210	0001.621
-01.1391	-00.0213	0001.622
-01.1361	-00.0213	0001.623
-01.1330	-00.0213	0001.624
-01.1293	-00.0213	0001.625
-01.1269	-00.0210	0001.626
-01.1245	-00.0210	0001.627
-01.1208	-00.0207	0001.628
-01.1171	-00.0210	0001.629
-01.1144	-00.0210	0001.630
-01.1119	-00.0210	0001.631
-01.1086	-00.0210	0001.632
-01.1058	-00.0210	0001.633
-01.1025	-00.0210	0001.634
-01.0997	-00.0210	0001.635
-01.0964	-00.0213	0001.636
-01.0939	-00.0210	0001.637
-01.0903	-00.0210	0001.638
-01.0875	-00.0207	0001.639
-01.0848	-00.0207	0001.640
-01.0817	-00.0207	0001.641
-01.0787	-00.0210	0001.642
-01.0756	-00.0207	0001.643
-01.0726	-00.0210	0001.644
-01.0698	-00.0204	0001.645
-01.0662	-00.0210	0001.646
-01.0631	-00.0210	0001.647
-01.0604	-00.0207	0001.648
-01.0579	-00.0210	0001.649
-01.0549	-00.0207	0001.650
-01.0518	-00.0210	0001.651
-01.0491	-00.0204	0001.652
-01.0457	-00.0210	0001.653
-01.0424	-00.0207	0001.654
-01.0396	-00.0210	0001.655
-01.0366	-00.0204	0001.656
-01.0335	-00.0204	0001.657
-01.0311	-00.0204	0001.658
-01.0277	-00.0204	0001.659
-01.0244	-00.0201	0001.660
-01.0219	-00.0204	0001.661
-01.0183	-00.0207	0001.662
-01.0155	-00.0204	0001.663
-01.0128	-00.0204	0001.664
-01.0094	-00.0207	0001.665
-01.0070	-00.0210	0001.666
-01.0033	-00.0204	0001.667
-01.0006	-00.0207	0001.668
-00.9978	-00.0204	0001.669
-00.9941	-00.0204	0001.670
-00.9914	-00.0201	0001.671
-00.9893	-00.0207	0001.672
-00.9862	-00.0204	0001.673
-00.9826	-00.0204	0001.674
-00.9795	-00.0201	0001.675
-00.9768	-00.0201	0001.676
-00.9731	-00.0204	0001.677
-00.9707	-00.0198	0001.678
-00.9673	-00.0201	0001.679
-00.9645	-00.0207	0001.680
-00.9612	-00.0204	0001.681
-00.9581	-00.0198	0001.682
-00.9554	-00.0201	0001.683
-00.9523	-00.0204	0001.684
-00.9493	-00.0198	0001.685
-00.9465	-00.0201	0001.686
-00.9435	-00.0198	0001.687
-00.9401	-00.0204	0001.688
-00.9374	-00.0198	0001.689
-00.9343	-00.0198	0001.690
-00.9316	-00.0204	0001.691
-00.9285	-00.0201	0001.692
-00.9255	-00.0198	0001.693
-00.9221	-00.0195	0001.694
-00.9188	-00.0201	0001.695
-00.9169	-00.0201	0001.696
-00.9136	-00.0195	0001.697
-00.9102	-00.0201	0001.698
-00.9075	-00.0195	0001.699
-00.9044	-00.0201	0001.700
-00.9014	-00.0198	0001.701
-00.8980	-00.0201	0001.702
-00.8953	-00.0201	0001.703
-00.8925	-00.0198	0001.704
-00.8889	-00.0198	0001.705
-00.8858	-00.0195	0001.706
-00.8840	-00.0201	0001.707
-00.8803	-00.0201	0001.708
-00.8776	-00.0195	0001.709
-00.8745	-00.0198	0001.710
-00.8718	-00.0198	0001.711
-00.8681	-00.0195	0001.712
-00.8654	-00.0192	0001.713
-00.8629	-00.0198	0001.714
-00.8590	-00.0195	0001.715
-00.8559	-00.0195	0001.716
-00.8532	-00.0198	0001.717
-00.8498	-00.0195	0001.718
-00.8474	-00.0198	0001.719
-00.8446	-00.0192	0001.720
-00.8419	-00.0192	0001.721
-00.8382	-00.0192	0001.722
-00.8352	-00.0195	0001.723
-00.8321	-00.0192	0001.724
-00.8297	-00.0195	0001.725
-00.8266	-00.0195	0001.726
-00.8236	-00.0195	0001.727
-00.8202	-00.0192	0001.728
-00.8171	-00.0192	0001.729
-00.8135	-00.0198	0001.730
-00.8117	-00.0192	0001.731
-00.8086	-00.0195	0001.732
-00.8052	-00.0192	0001.733
-00.8022	-00.0192	0001.734
-00.7988	-00.0186	0001.735
-00.7961	-00.0189	0001.736
-00.7940	-00.0189	0001.737
-00.7903	-00.0192	0001.738
-00.7872	-00.0189	0001.739
-00.7839	-00.0192	0001.740
-00.7814	-00.0192	0001.741
-00.7778	-00.0192	0001.742
-00.7753	-00.0192	0001.743
-00.7726	-00.0189	0001.744
-00.7692	-00.0192	0001.745
-00.7662	-00.0192	0001.746
-00.7631	-00.0192	0001.747
-00.7601	-00.0186	0001.748
-00.7576	-00.0192	0001.749
-00.7543	-00.0189	0001.750
-00.7512	-00.0186	0001.751
-00.7482	-00.0189	0001.752
-00.7454	-00.0189	0001.753
-00.7427	-00.0186	0001.754
-00.7393	-00.0189	0001.755
-00.7369	-00.0189	0001.756
-00.7335	-00.0183	0001.757
-00.7302	-00.0192	0001.758
-00.7274	-00.0183	0001.759
-00.7241	-00.0186	0001.760
-00.7216	-00.0186	0001.761
-00.7183	-00.0183	0001.762
-00.7152	-00.0183	0001.763
-00.7119	-00.0189	0001.764
-00.7091	-00.0186	0001.765
-00.7061	-00.0183	0001.766
-00.7030	-00.0186	0001.767
-00.7000	-00.0183	0001.768
-00.6969	-00.0183	0001.769
-00.6942	-00.0189	0001.770
-00.6914	-00.0189	0001.771
-00.6881	-00.0183	0001.772
-00.6853	-00.0186	0001.773
-00.6823	-00.0186	0001.774
-00.6792	-00.0183	0001.775
-00.6762	-00.0180	0001.776
-00.6731	-00.0183	0001.777
-00.6701	-00.0183	0001.778
-00.6673	-00.0180	0001.779
-00.6646	-00.0183	0001.780
-00.6609	-00.0183	0001.781
-00.6578	-00.0180	0001.782
-00.6551	-00.0180	0001.783
-00.6520	-00.0180	0001.784
-00.6493	-00.0183	0001.785
-00.6459	-00.0183	0001.786
-00.6429	-00.0186	0001.787
-00.6398	-00.0180	0001.788
-00.6371	-00.0177	0001.789
-00.6343	-00.0183	0001.790
-00.6313	-00.0186	0001.791
-00.6282	-00.0180	0001.792
-00.6252	-00.0180	0001.793
-00.6218	-00.0180	0001.794
-00.6191	-00.0177	0001.795
-00.6166	-00.0180	0001.796
-00.6124	-00.0177	0001.797
-00.6102	-00.0183	0001.798
-00.6069	-00.0180	0001.799
-00.6041	-00.0177	0001.800
-00.6008	-00.0180	0001.801
-00.5983	-00.0177	0001.802
-00.5947	-00.0177	0001.803
-00.5919	-00.0180	0001.804
-00.5892	-00.0180	0001.805
-00.5855	-00.0174	0001.806
-00.5831	-00.0177	0001.807
-00.5797	-00.0177	0001.808
-00.5767	-00.0174	0001.809
-00.5739	-00.0180	0001.810
-00.5712	-00.0177	0001.811
-00.5678	-00.0180	0001.812
-00.5651	-00.0174	0001.813
-00.5623	-00.0174	0001.814
-00.5590	-00.0177	0001.815
-00.5562	-00.0174	0001.816
-00.5529	-00.0174	0001.817
-00.5495	-00.0174	0001.818
-00.5471	-00.0177	0001.819
-00.5440	-00.0174	0001.820
-00.5407	-00.0174	0001.821
-00.5382	-00.0177	0001.822
-00.5349	-00.0171	0001.823
-00.5318	-00.0180	0001.824
-00.5294	-00.0174	0001.825
-00.5260	-00.0171	0001.826
-00.5230	-00.0174	0001.827
-00.5199	-00.0167	0001.828
-00.5162	-00.0171	0001.829
-00.5141	-00.0171	0001.830
-00.5111	-00.0171	0001.831
-00.5080	-00.0171	0001.832
-00.5053	-00.0167	0001.833
-00.5022	-00.0171	0001.834
-00.4985	-00.0171	0001.835
-00.4955	-00.0167	0001.836
-00.4931	-00.0167	0001.837
-00.4900	-00.0167	0001.838
-00.4869	-00.0167	0001.839
-00.4842	-00.0167	0001.840
-00.4805	-00.0167	0001.841
-00.4778	-00.0164	0001.842
-00.4750	-00.0167	0001.843
-00.4717	-00.0167	0001.844
-00.4689	-00.0171	0001.845
-00.4659	-00.0177	0001.846
-00.4628	-00.0171	0001.847
-00.4601	-00.0167	0001.848
-00.4570	-00.0164	0001.849
-00.4540	-00.0164	0001.850
-00.4509	-00.0164	0001.851
-00.4479	-00.0164	0001.852
-00.4451	-00.0164	0001.853
-00.4421	-00.0171	0001.854
-00.4387	-00.0161	0001.855
-00.4354	-00.0164	0001.856
-00.4326	-00.0164	0001.857
-00.4299	-00.0164	0001.858
-00.4268	-00.0164	0001.859
-00.4238	-00.0161	0001.860
-00.4210	-00.0161	0001.861
-00.4180	-00.0164	0001.862
-00.4146	-00.0161	0001.863
-00.4119	-00.0164	0001.864
-00.4088	-00.0161	0001.865
-00.4061	-00.0164	0001.866
-00.4030	-00.0164	0001.867
-00.4000	-00.0161	0001.868
-00.3966	-00.0161	0001.869
-00.3936	-00.0158	0001.870
-00.3905	-00.0158	0001.871
-00.3878	-00.0161	0001.872
-00.3847	-00.0158	0001.873
-00.3823	-00.0164	0001.874
-00.3786	-00.0158	0001.875
-00.3756	-00.0161	0001.876
-00.3725	-00.0161	0001.877
-00.3701	-00.0155	0001.878
-00.3667	-00.0155	0001.879
-00.3637	-00.0155	0001.880
-00.3609	-00.0158	0001.881
-00.3576	-00.0155	0001.882
-00.3545	-00.0155	0001.883
-00.3518	-00.0158	0001.884
-00.3493	-00.0161	0001.885
-00.3457	-00.0155	0001.886
-00.3423	-00.0155	0001.887
-00.3399	-00.0161	0001.888
-00.3362	-00.0155	0001.889
-00.3334	-00.0155	0001.890
-00.3310	-00.0155	0001.891
-00.3273	-00.0158	0001.892
-00.3246	-00.0155	0001.893
-00.3218	-00.0155	0001.894
-00.3188	-00.0149	0001.895
-00.3157	-00.0152	0001.896
-00.3133	-00.0158	0001.897
-00.3099	-00.0152	0001.898
-00.3066	-00.0155	0001.899
-00.3035	-00.0149	0001.900
-00.3008	-00.0155	0001.901
-00.2977	-00.0149	0001.902
-00.2944	-00.0149	0001.903
-00.2916	-00.0146	0001.904
-00.2889	-00.0152	0001.905
-00.2855	-00.0149	0001.906
-00.2828	-00.0149	0001.907
-00.2794	-00.0149	0001.908
-00.2767	-00.0152	0001.909
-00.2733	-00.0146	0001.910
-00.2703	-00.0146	0001.911
-00.2678	-00.0146	0001.912
-00.2651	-00.0149	0001.913
-00.2617	-00.0152	0001.914
-00.2584	-00.0149	0001.915
-00.2556	-00.0143	0001.916
-00.2526	-00.0143	0001.917
-00.2495	-00.0143	0001.918
-00.2468	-00.0146	0001.919
-00.2437	-00.0146	0001.920
-00.2404	-00.0146	0001.921
-00.2376	-00.0146	0001.922
-00.2343	-00.0146	0001.923
-00.2315	-00.0146	0001.924
-00.2285	-00.0143	0001.925
-00.2251	-00.0140	0001.926
-00.2224	-00.0143	0001.927
-00.2193	-00.0143	0001.928
-00.2163	-00.0143	0001.929
-00.2138	-00.0140	0001.930
-00.2108	-00.0143	0001.931
-00.2074	-00.0143	0001.932
-00.2044	-00.0143	0001.933
-00.2019	-00.0143	0001.934
-00.1986	-00.0140	0001.935
-00.1952	-00.0137	0001.936
-00.1928	-00.0137	0001.937
-00.1888	-00.0137	0001.938
-00.1863	-00.0140	0001.939
-00.1836	-00.0137	0001.940
-00.1799	-00.0140	0001.941
-00.1772	-00.0140	0001.942
-00.1744	-00.0140	0001.943
-00.1717	-00.0137	0001.944
-00.1686	-00.0134	0001.945
-00.1653	-00.0137	0001.946
-00.1619	-00.0137	0001.947
-00.1592	-00.0137	0001.948
-00.1567	-00.0134	0001.949
-00.1537	-00.0140	0001.950
-00.1503	-00.0137	0001.951
-00.1473	-00.0134	0001.952
-00.1445	-00.0137	0001.953
-00.1418	-00.0134	0001.954
-00.1384	-00.0131	0001.955
-00.1354	-00.0134	0001.956
-00.1326	-00.0134	0001.957
-00.1293	-00.0134	0001.958
-00.1265	-00.0137	0001.959
-00.1235	-00.0131	0001.960
-00.1207	-00.0131	0001.961
-00.1171	-00.0134	0001.962
-00.1146	-00.0131	0001.963
-00.1110	-00.0131	0001.964
-00.1079	-00.0128	0001.965
-00.1055	-00.0128	0001.966
-00.1027	-00.0134	0001.967
-00.0997	-00.0128	0001.968
-00.0963	-00.0131	0001.969
-00.0933	-00.0128	0001.970
-00.0905	-00.0131	0001.971
-00.0875	-00.0128	0001.972
-00.0844	-00.0125	0001.973
-00.0814	-00.0125	0001.974
-00.0783	-00.0128	0001.975
-00.0750	-00.0128	0001.976
-00.0722	-00.0128	0001.977
-00.0695	-00.0125	0001.978
-00.0670	-00.0125	0001.979
-00.0634	-00.0125	0001.980
-00.0606	-00.0125	0001.981
-00.0570	-00.0122	0001.982
-00.0542	-00.0122	0001.983
-00.0512	-00.0125	0001.984
-00.0478	-00.0122	0001.985
-00.0454	-00.0119	0001.986
-00.0423	-00.0119	0001.987
-00.0396	-00.0122	0001.988
-00.0359	-00.0125	0001.989
-00.0335	-00.0122	0001.990
-00.0304	-00.0122	0001.991
-00.0274	-00.0119	0001.992
-00.0237	-00.0119	0001.993
-00.0212	-00.0119	0001.994
-00.0185	-00.0119	0001.995
-00.0151	-00.0122	0001.996
-00.0121	-00.0119	0001.997
-00.0093	-00.0119	0001.998
-00.0063	-00.0119	0001.999
