R,Ohm	C,pF	Temp,C
0000000000	0000100000	+125.84
Ch1,V	Ch2,V	Time,s
-00.0002	-00.0009	0000.000
+00.0001	-00.0009	0000.001
-00.0026	-00.0009	0000.002
-00.0060	+00.0000	0000.003
-00.0093	-00.0015	0000.004
-00.0118	-00.0012	0000.005
-00.0151	-00.0009	0000.006
-00.0179	-00.0009	0000.007
-00.0212	-00.0009	0000.008
-00.0237	-00.0009	0000.009
-00.0267	-00.0012	0000.010
-00.0298	-00.0012	0000.011
-00.0328	-00.0006	0000.012
-00.0359	-00.0009	0000.013
-00.0386	-00.0009	0000.014
-00.0417	-00.0006	0000.015
-00.0454	-00.0009	0000.016
-00.0487	-00.0009	0000.017
-00.0509	-00.0009	0000.018
-00.0539	-00.0009	0000.019
-00.0566	-00.0009	0000.020
-00.0597	-00.0012	0000.021
-00.0631	-00.0015	0000.022
-00.0664	-00.0012	0000.023
-00.0692	-00.0015	0000.024
-00.0719	-00.0015	0000.025
-00.0750	-00.0015	0000.026
-00.0783	-00.0015	0000.027
-00.0814	-00.0015	0000.028
-00.0838	-00.0015	0000.029
-00.0872	-00.0015	0000.030
-00.0899	-00.0012	0000.031
-00.0933	-00.0012	0000.032
-00.0963	-00.0012	0000.033
-00.0991	-00.0012	0000.034
-00.1021	-00.0015	0000.035
-00.1055	-00.0012	0000.036
-00.1076	-00.0018	0000.037
-00.1113	-00.0015	0000.038
-00.1143	-00.0015	0000.039
-00.1171	-00.0015	0000.040
-00.1204	-00.0015	0000.041
-00.1235	-00.0015	0000.042
-00.1259	-00.0021	0000.043
-00.1290	-00.0018	0000.044
-00.1320	-00.0018	0000.045
-00.1351	-00.0021	0000.046
-00.1384	-00.0021	0000.047
-00.1415	-00.0018	0000.048
-00.1439	-00.0021	0000.049
-00.1476	-00.0018	0000.050
-00.1503	-00.0021	0000.051
-00.1528	-00.0021	0000.052
-00.1564	-00.0018	0000.053
-00.1586	-00.0021	0000.054
-00.1616	-00.0021	0000.055
-00.1650	-00.0021	0000.056
-00.1677	-00.0024	0000.057
-00.1714	-00.0024	0000.058
-00.1735	-00.0030	0000.059
-00.1772	-00.0021	0000.060
-00.1799	-00.0024	0000.061
-00.1830	-00.0027	0000.062
-00.1863	-00.0027	0000.063
-00.1894	-00.0024	0000.064
-00.1925	-00.0024	0000.065
-00.1946	-00.0027	0000.066
-00.1979	-00.0027	0000.067
-00.2013	-00.0027	0000.068
-00.2037	-00.0030	0000.069
-00.2068	-00.0030	0000.070
-00.2098	-00.0024	0000.071
-00.2132	-00.0030	0000.072
-00.2163	-00.0030	0000.073
-00.2193	-00.0033	0000.074
-00.2224	-00.0027	0000.075
-00.2257	-00.0030	0000.076
-00.2285	-00.0036	0000.077
-00.2315	-00.0036	0000.078
-00.2337	-00.0036	0000.079
-00.2370	-00.0027	0000.080
-00.2407	-00.0036	0000.081
-00.2431	-00.0042	0000.082
-00.2465	-00.0039	0000.083
-00.2489	-00.0039	0000.084
-00.2523	-00.0039	0000.085
-00.2553	-00.0039	0000.086
-00.2584	-00.0042	0000.087
-00.2614	-00.0039	0000.088
-00.2642	-00.0039	0000.089
-00.2672	-00.0039	0000.090
-00.2706	-00.0042	0000.091
-00.2733	-00.0045	0000.092
-00.2761	-00.0042	0000.093
-00.2797	-00.0048	0000.094
-00.2822	-00.0048	0000.095
-00.2852	-00.0052	0000.096
-00.2883	-00.0052	0000.097
-00.2916	-00.0048	0000.098
-00.2944	-00.0058	0000.099
-00.2974	-00.0048	0000.100
-00.3005	-00.0052	0000.101
-00.3035	-00.0048	0000.102
-00.3069	-00.0055	0000.103
-00.3093	-00.0052	0000.104
-00.3127	-00.0055	0000.105
-00.3151	-00.0058	0000.106
-00.3185	-00.0058	0000.107
-00.3212	-00.0058	0000.108
-00.3243	-00.0055	0000.109
-00.3273	-00.0064	0000.110
-00.3310	-00.0064	0000.111
-00.3337	-00.0064	0000.112
-00.3362	-00.0067	0000.113
-00.3389	-00.0067	0000.114
-00.3423	-00.0064	0000.115
-00.3453	-00.0067	0000.116
-00.3481	-00.0073	0000.117
-00.3514	-00.0070	0000.118
-00.3542	-00.0067	0000.119
-00.3576	-00.0073	0000.120
-00.3606	-00.0073	0000.121
-00.3630	-00.0076	0000.122
-00.3667	-00.0076	0000.123
-00.3688	-00.0076	0000.124
-00.3728	-00.0079	0000.125
-00.3749	-00.0082	0000.126
-00.3786	-00.0082	0000.127
-00.3814	-00.0085	0000.128
-00.3844	-00.0085	0000.129
-00.3875	-00.0082	0000.130
-00.3905	-00.0088	0000.131
-00.3933	-00.0085	0000.132
-00.3963	-00.0088	0000.133
-00.3991	-00.0091	0000.134
-00.4027	-00.0091	0000.135
-00.4058	-00.0097	0000.136
-00.4085	-00.0094	0000.137
-00.4113	-00.0097	0000.138
-00.4143	-00.0100	0000.139
-00.4177	-00.0100	0000.140
-00.4207	-00.0100	0000.141
-00.4235	-00.0106	0000.142
-00.4259	-00.0109	0000.143
-00.4296	-00.0109	0000.144
-00.4326	-00.0113	0000.145
-00.4354	-00.0116	0000.146
-00.4384	-00.0113	0000.147
-00.4415	-00.0119	0000.148
-00.4442	-00.0119	0000.149
-00.4476	-00.0119	0000.150
-00.4506	-00.0128	0000.151
-00.4537	-00.0134	0000.152
-00.4567	-00.0131	0000.153
-00.4595	-00.0137	0000.154
-00.4625	-00.0140	0000.155
-00.4656	-00.0143	0000.156
-00.4686	-00.0149	0000.157
-00.4717	-00.0149	0000.158
-00.4747	-00.0158	0000.159
-00.4775	-00.0161	0000.160
-00.4802	-00.0171	0000.161
-00.4836	-00.0177	0000.162
-00.4863	-00.0180	0000.163
-00.4894	-00.0186	0000.164
-00.4927	-00.0189	0000.165
-00.4955	-00.0207	0000.166
-00.4985	-00.0213	0000.167
-00.5016	-00.0229	0000.168
-00.5043	-00.0241	0000.169
-00.5077	-00.0262	0000.170
-00.5108	-00.0296	0000.171
-00.5135	-00.0354	0000.172
-00.5162	-00.0424	0000.173
-00.5193	-00.0488	0000.174
-00.5227	-00.0555	0000.175
-00.5251	-00.0644	0000.176
-00.5288	-00.1077	0000.177
-00.5315	-00.1498	0000.178
-00.5346	-00.1873	0000.179
-00.5376	-00.2615	0000.180
-00.5404	-00.3064	0000.181
-00.5437	-00.3610	0000.182
-00.5465	-00.3994	0000.183
-00.5498	-00.4190	0000.184
-00.5526	-00.4718	0000.185
-00.5559	-00.4992	0000.186
-00.5584	-00.5569	0000.187
-00.5617	-00.5938	0000.188
-00.5645	-00.6051	0000.189
-00.5675	-00.6131	0000.190
-00.5712	-00.6195	0000.191
-00.5736	-00.6558	0000.192
-00.5770	-00.6903	0000.193
-00.5797	-00.6988	0000.194
-00.5828	-00.7049	0000.195
-00.5858	-00.7092	0000.196
-00.5883	-00.7125	0000.197
-00.5913	-00.7156	0000.198
-00.5953	-00.7180	0000.199
-00.5977	-00.7202	0000.200
-00.6008	-00.7223	0000.201
-00.6038	-00.7232	0000.202
-00.6069	-00.7251	0000.203
-00.6099	-00.7263	0000.204
-00.6130	-00.7278	0000.205
-00.6157	-00.7284	0000.206
-00.6185	-00.7296	0000.207
-00.6212	-00.7312	0000.208
-00.6246	-00.7318	0000.209
-00.6276	-00.7324	0000.210
-00.6310	-00.7333	0000.211
-00.6340	-00.7339	0000.212
-00.6365	-00.7348	0000.213
-00.6395	-00.7357	0000.214
-00.6426	-00.7360	0000.215
-00.6462	-00.7367	0000.216
-00.6487	-00.7373	0000.217
-00.6520	-00.7382	0000.218
-00.6545	-00.7382	0000.219
-00.6578	-00.7391	0000.220
-00.6609	-00.7394	0000.221
-00.6636	-00.7403	0000.222
-00.6670	-00.7406	0000.223
-00.6694	-00.7412	0000.224
-00.6731	-00.7415	0000.225
-00.6759	-00.7418	0000.226
-00.6786	-00.7425	0000.227
-00.6820	-00.7428	0000.228
-00.6847	-00.7431	0000.229
-00.6881	-00.7434	0000.230
-00.6908	-00.7431	0000.231
-00.6939	-00.7440	0000.232
-00.6966	-00.7449	0000.233
-00.7000	-00.7449	0000.234
-00.7024	-00.7452	0000.235
-00.7064	-00.7455	0000.236
-00.7085	-00.7458	0000.237
-00.7116	-00.7461	0000.238
-00.7149	-00.7461	0000.239
-00.7180	-00.7470	0000.240
-00.7213	-00.7473	0000.241
-00.7244	-00.7479	0000.242
-00.7268	-00.7479	0000.243
-00.7299	-00.7486	0000.244
-00.7329	-00.7486	0000.245
-00.7360	-00.7483	0000.246
-00.7390	-00.7492	0000.247
-00.7421	-00.7495	0000.248
-00.7448	-00.7498	0000.249
-00.7479	-00.7501	0000.250
-00.7509	-00.7504	0000.251
-00.7540	-00.7501	0000.252
-00.7573	-00.7504	0000.253
-00.7598	-00.7510	0000.254
-00.7628	-00.7504	0000.255
-00.7656	-00.7513	0000.256
-00.7692	-00.7519	0000.257
-00.7720	-00.7513	0000.258
-00.7747	-00.7522	0000.259
-00.7781	-00.7522	0000.260
-00.7811	-00.7522	0000.261
-00.7839	-00.7522	0000.262
-00.7869	-00.7522	0000.263
-00.7900	-00.7528	0000.264
-00.7933	-00.7528	0000.265
-00.7958	-00.7528	0000.266
-00.7988	-00.7528	0000.267
-00.8016	-00.7534	0000.268
-00.8046	-00.7534	0000.269
-00.8077	-00.7534	0000.270
-00.8110	-00.7541	0000.271
-00.8144	-00.7541	0000.272
-00.8171	-00.7541	0000.273
-00.8202	-00.7541	0000.274
-00.8226	-00.7547	0000.275
-00.8260	-00.7547	0000.276
-00.8284	-00.7550	0000.277
-00.8321	-00.7550	0000.278
-00.8352	-00.7556	0000.279
-00.8379	-00.7553	0000.280
-00.8406	-00.7553	0000.281
-00.8437	-00.7553	0000.282
-00.8474	-00.7556	0000.283
-00.8498	-00.7559	0000.284
-00.8525	-00.7559	0000.285
-00.8562	-00.7565	0000.286
-00.8596	-00.7562	0000.287
-00.8620	-00.7568	0000.288
-00.8651	-00.7568	0000.289
-00.8675	-00.7571	0000.290
-00.8712	-00.7571	0000.291
-00.8739	-00.7571	0000.292
-00.8770	-00.7568	0000.293
-00.8803	-00.7574	0000.294
-00.8828	-00.7571	0000.295
-00.8861	-00.7577	0000.296
-00.8886	-00.7577	0000.297
-00.8919	-00.7580	0000.298
-00.8953	-00.7577	0000.299
-00.8983	-00.7580	0000.300
-00.9014	-00.7580	0000.301
-00.9041	-00.7583	0000.302
-00.9075	-00.7583	0000.303
-00.9096	-00.7589	0000.304
-00.9133	-00.7586	0000.305
-00.9163	-00.7589	0000.306
-00.9188	-00.7592	0000.307
-00.9221	-00.7589	0000.308
-00.9246	-00.7586	0000.309
-00.9285	-00.7595	0000.310
-00.9313	-00.7592	0000.311
-00.9343	-00.7592	0000.312
-00.9374	-00.7595	0000.313
-00.9401	-00.7595	0000.314
-00.9435	-00.7595	0000.315
-00.9462	-00.7592	0000.316
-00.9490	-00.7599	0000.317
-00.9520	-00.7602	0000.318
-00.9551	-00.7605	0000.319
-00.9578	-00.7608	0000.320
-00.9615	-00.7602	0000.321
-00.9639	-00.7605	0000.322
-00.9676	-00.7608	0000.323
-00.9703	-00.7608	0000.324
-00.9734	-00.7605	0000.325
-00.9755	-00.7605	0000.326
-00.9792	-00.7611	0000.327
-00.9819	-00.7614	0000.328
-00.9853	-00.7614	0000.329
-00.9884	-00.7614	0000.330
-00.9911	-00.7614	0000.331
-00.9945	-00.7617	0000.332
-00.9972	-00.7614	0000.333
-01.0006	-00.7617	0000.334
-01.0033	-00.7614	0000.335
-01.0070	-00.7617	0000.336
-01.0094	-00.7623	0000.337
-01.0122	-00.7617	0000.338
-01.0155	-00.7620	0000.339
-01.0180	-00.7623	0000.340
-01.0213	-00.7623	0000.341
-01.0247	-00.7626	0000.342
-01.0277	-00.7617	0000.343
-01.0302	-00.7626	0000.344
-01.0338	-00.7626	0000.345
-01.0366	-00.7626	0000.346
-01.0396	-00.7626	0000.347
-01.0424	-00.7626	0000.348
-01.0454	-00.7632	0000.349
-01.0482	-00.7632	0000.350
-01.0512	-00.7632	0000.351
-01.0543	-00.7635	0000.352
-01.0573	-00.7635	0000.353
-01.0604	-00.7635	0000.354
-01.0631	-00.7635	0000.355
-01.0665	-00.7635	0000.356
-01.0695	-00.7638	0000.357
-01.0723	-00.7638	0000.358
-01.0756	-00.7638	0000.359
-01.0784	-00.7635	0000.360
-01.0808	-00.7638	0000.361
-01.0842	-00.7638	0000.362
-01.0869	-00.7638	0000.363
-01.0903	-00.7638	0000.364
-01.0936	-00.7644	0000.365
-01.0961	-00.7644	0000.366
-01.0994	-00.7647	0000.367
-01.1022	-00.7644	0000.368
-01.1052	-00.7644	0000.369
-01.1083	-00.7641	0000.370
-01.1110	-00.7650	0000.371
-01.1147	-00.7647	0000.372
-01.1171	-00.7647	0000.373
-01.1202	-00.7650	0000.374
-01.1235	-00.7650	0000.375
-01.1260	-00.7650	0000.376
-01.1296	-00.7650	0000.377
-01.1318	-00.7653	0000.378
-01.1348	-00.7653	0000.379
-01.1379	-00.7653	0000.380
-01.1415	-00.7656	0000.381
-01.1446	-00.7660	0000.382
-01.1470	-00.7656	0000.383
-01.1501	-00.7656	0000.384
-01.1531	-00.7656	0000.385
-01.1562	-00.7663	0000.386
-01.1596	-00.7656	0000.387
-01.1626	-00.7656	0000.388
-01.1650	-00.7663	0000.389
-01.1681	-00.7666	0000.390
-01.1718	-00.7663	0000.391
-01.1742	-00.7666	0000.392
-01.1776	-00.7666	0000.393
-01.1809	-00.7666	0000.394
-01.1837	-00.7663	0000.395
-01.1864	-00.7663	0000.396
-01.1892	-00.7666	0000.397
-01.1925	-00.7669	0000.398
-01.1950	-00.7666	0000.399
-01.1989	-00.7669	0000.400
-01.2017	-00.7672	0000.401
-01.2047	-00.7666	0000.402
-01.2075	-00.7675	0000.403
-01.2105	-00.7675	0000.404
-01.2136	-00.7672	0000.405
-01.2166	-00.7675	0000.406
-01.2197	-00.7669	0000.407
-01.2224	-00.7672	0000.408
-01.2258	-00.7675	0000.409
-01.2291	-00.7675	0000.410
-01.2316	-00.7675	0000.411
-01.2343	-00.7681	0000.412
-01.2377	-00.7675	0000.413
-01.2407	-00.7681	0000.414
-01.2435	-00.7672	0000.415
-01.2465	-00.7681	0000.416
-01.2496	-00.7681	0000.417
-01.2526	-00.7678	0000.418
-01.2557	-00.7681	0000.419
-01.2584	-00.7681	0000.420
-01.2618	-00.7681	0000.421
-01.2648	-00.7681	0000.422
-01.2679	-00.7681	0000.423
-01.2712	-00.7681	0000.424
-01.2737	-00.7681	0000.425
-01.2770	-00.7687	0000.426
-01.2792	-00.7684	0000.427
-01.2832	-00.7693	0000.428
-01.2856	-00.7687	0000.429
-01.2889	-00.7687	0000.430
-01.2917	-00.7690	0000.431
-01.2947	-00.7690	0000.432
-01.2978	-00.7693	0000.433
-01.3009	-00.7684	0000.434
-01.3039	-00.7690	0000.435
-01.3066	-00.7687	0000.436
-01.3094	-00.7690	0000.437
-01.3131	-00.7690	0000.438
-01.3161	-00.7696	0000.439
-01.3189	-00.7696	0000.440
-01.3216	-00.7696	0000.441
-01.3250	-00.7696	0000.442
-01.3277	-00.7696	0000.443
-01.3305	-00.7696	0000.444
-01.3332	-00.7696	0000.445
-01.3372	-00.7696	0000.446
-01.3399	-00.7696	0000.447
-01.3430	-00.7702	0000.448
-01.3460	-00.7699	0000.449
-01.3485	-00.7699	0000.450
-01.3515	-00.7696	0000.451
-01.3543	-00.7696	0000.452
-01.3579	-00.7702	0000.453
-01.3607	-00.7699	0000.454
-01.3637	-00.7699	0000.455
-01.3668	-00.7702	0000.456
-01.3698	-00.7699	0000.457
-01.3729	-00.7699	0000.458
-01.3759	-00.7699	0000.459
-01.3790	-00.7702	0000.460
-01.3820	-00.7699	0000.461
-01.3845	-00.7708	0000.462
-01.3881	-00.7705	0000.463
-01.3906	-00.7708	0000.464
-01.3942	-00.7699	0000.465
-01.3967	-00.7708	0000.466
-01.4000	-00.7708	0000.467
-01.4022	-00.7705	0000.468
-01.4058	-00.7708	0000.469
-01.4089	-00.7711	0000.470
-01.4119	-00.7705	0000.471
-01.4153	-00.7708	0000.472
-01.4174	-00.7708	0000.473
-01.4208	-00.7711	0000.474
-01.4238	-00.7708	0000.475
-01.4272	-00.7711	0000.476
-01.4302	-00.7711	0000.477
-01.4327	-00.7711	0000.478
-01.4357	-00.7711	0000.479
-01.4391	-00.7711	0000.480
-01.4418	-00.7711	0000.481
-01.4452	-00.7714	0000.482
-01.4479	-00.7718	0000.483
-01.4504	-00.7718	0000.484
-01.4540	-00.7714	0000.485
-01.4568	-00.7718	0000.486
-01.4602	-00.7718	0000.487
-01.4629	-00.7718	0000.488
-01.4666	-00.7718	0000.489
-01.4687	-00.7718	0000.490
-01.4714	-00.7721	0000.491
-01.4748	-00.7721	0000.492
-01.4782	-00.7721	0000.493
-01.4812	-00.7721	0000.494
-01.4837	-00.7721	0000.495
-01.4870	-00.7721	0000.496
-01.4901	-00.7724	0000.497
-01.4925	-00.7724	0000.498
-01.4962	-00.7724	0000.499
-01.4986	-00.7721	0000.500
-01.5020	-00.7721	0000.501
-01.5053	-00.7727	0000.502
-01.5081	-00.7724	0000.503
-01.5111	-00.7721	0000.504
-01.5139	-00.7730	0000.505
-01.5175	-00.7724	0000.506
-01.5200	-00.7724	0000.507
-01.5227	-00.7724	0000.508
-01.5258	-00.7727	0000.509
-01.5291	-00.7730	0000.510
-01.5322	-00.7727	0000.511
-01.5352	-00.7730	0000.512
-01.5380	-00.7730	0000.513
-01.5410	-00.7730	0000.514
-01.5438	-00.7730	0000.515
-01.5471	-00.7730	0000.516
-01.5502	-00.7727	0000.517
-01.5529	-00.7733	0000.518
-01.5560	-00.7733	0000.519
-01.5587	-00.7730	0000.520
-01.5621	-00.7730	0000.521
-01.5654	-00.7733	0000.522
-01.5685	-00.7733	0000.523
-01.5712	-00.7733	0000.524
-01.5743	-00.7736	0000.525
-01.5770	-00.7733	0000.526
-01.5801	-00.7733	0000.527
-01.5831	-00.7733	0000.528
-01.5859	-00.7736	0000.529
-01.5895	-00.7739	0000.530
-01.5923	-00.7736	0000.531
-01.5950	-00.7736	0000.532
-01.5984	-00.7736	0000.533
-01.6014	-00.7733	0000.534
-01.6042	-00.7736	0000.535
-01.6072	-00.7736	0000.536
-01.6100	-00.7739	0000.537
-01.6127	-00.7742	0000.538
-01.6164	-00.7736	0000.539
-01.6191	-00.7736	0000.540
-01.6219	-00.7736	0000.541
-01.6256	-00.7742	0000.542
-01.6277	-00.7742	0000.543
-01.6314	-00.7736	0000.544
-01.6341	-00.7742	0000.545
-01.6372	-00.7742	0000.546
-01.6405	-00.7742	0000.547
-01.6433	-00.7739	0000.548
-01.6460	-00.7745	0000.549
-01.6494	-00.7748	0000.550
-01.6524	-00.7745	0000.551
-01.6555	-00.7751	0000.552
-01.6582	-00.7745	0000.553
-01.6607	-00.7745	0000.554
-01.6646	-00.7745	0000.555
-01.6671	-00.7742	0000.556
-01.6707	-00.7742	0000.557
-01.6735	-00.7745	0000.558
-01.6765	-00.7751	0000.559
-01.6796	-00.7748	0000.560
-01.6823	-00.7751	0000.561
-01.6851	-00.7745	0000.562
-01.6878	-00.7748	0000.563
-01.6915	-00.7748	0000.564
-01.6945	-00.7748	0000.565
-01.6970	-00.7748	0000.566
-01.7003	-00.7751	0000.567
-01.7031	-00.7748	0000.568
-01.7061	-00.7745	0000.569
-01.7092	-00.7754	0000.570
-01.7128	-00.7748	0000.571
-01.7156	-00.7754	0000.572
-01.7183	-00.7745	0000.573
-01.7214	-00.7766	0000.574
-01.7247	-00.7754	0000.575
-01.7275	-00.7754	0000.576
-01.7305	-00.7754	0000.577
-01.7333	-00.7754	0000.578
-01.7360	-00.7751	0000.579
-01.7400	-00.7760	0000.580
-01.7424	-00.7754	0000.581
-01.7455	-00.7754	0000.582
-01.7485	-00.7754	0000.583
-01.7510	-00.7751	0000.584
-01.7537	-00.7757	0000.585
-01.7577	-00.7757	0000.586
-01.7601	-00.7757	0000.587
-01.7632	-00.7754	0000.588
-01.7665	-00.7757	0000.589
-01.7696	-00.7757	0000.590
-01.7720	-00.7757	0000.591
-01.7751	-00.7760	0000.592
-01.7785	-00.7754	0000.593
-01.7815	-00.7757	0000.594
-01.7842	-00.7760	0000.595
-01.7879	-00.7754	0000.596
-01.7907	-00.7757	0000.597
-01.7937	-00.7760	0000.598
-01.7965	-00.7754	0000.599
-01.7995	-00.7760	0000.600
-01.8023	-00.7760	0000.601
-01.8056	-00.7760	0000.602
-01.8084	-00.7769	0000.603
-01.8117	-00.7766	0000.604
-01.8145	-00.7760	0000.605
-01.8172	-00.7766	0000.606
-01.8206	-00.7763	0000.607
-01.8233	-00.7766	0000.608
-01.8264	-00.7763	0000.609
-01.8294	-00.7766	0000.610
-01.8325	-00.7763	0000.611
-01.8352	-00.7766	0000.612
-01.8386	-00.7763	0000.613
-01.8413	-00.7763	0000.614
-01.8444	-00.7766	0000.615
-01.8480	-00.7766	0000.616
-01.8508	-00.7766	0000.617
-01.8535	-00.7766	0000.618
-01.8563	-00.7760	0000.619
-01.8590	-00.7763	0000.620
-01.8627	-00.7769	0000.621
-01.8657	-00.7766	0000.622
-01.8688	-00.7766	0000.623
-01.8715	-00.7766	0000.624
-01.8749	-00.7766	0000.625
-01.8776	-00.7766	0000.626
-01.8810	-00.7769	0000.627
-01.8837	-00.7769	0000.628
-01.8868	-00.7772	0000.629
-01.8895	-00.7769	0000.630
-01.8929	-00.7769	0000.631
-01.8959	-00.7772	0000.632
-01.8990	-00.7772	0000.633
-01.9017	-00.7769	0000.634
-01.9051	-00.7772	0000.635
-01.9078	-00.7772	0000.636
-01.9106	-00.7769	0000.637
-01.9139	-00.7772	0000.638
-01.9167	-00.7772	0000.639
-01.9197	-00.7769	0000.640
-01.9225	-00.7776	0000.641
-01.9265	-00.7776	0000.642
-01.9286	-00.7776	0000.643
-01.9313	-00.7772	0000.644
-01.9350	-00.7772	0000.645
-01.9374	-00.7772	0000.646
-01.9408	-00.7776	0000.647
-01.9439	-00.7772	0000.648
-01.9466	-00.7779	0000.649
-01.9497	-00.7779	0000.650
-01.9527	-00.7769	0000.651
-01.9558	-00.7779	0000.652
-01.9585	-00.7779	0000.653
-01.9616	-00.7776	0000.654
-01.9646	-00.7776	0000.655
-01.9677	-00.7776	0000.656
-01.9707	-00.7776	0000.657
-01.9738	-00.7776	0000.658
-01.9768	-00.7776	0000.659
-01.9793	-00.7779	0000.660
-01.9823	-00.7779	0000.661
-01.9860	-00.7776	0000.662
-01.9890	-00.7779	0000.663
-01.9921	-00.7779	0000.664
-01.9951	-00.7779	0000.665
-01.9979	-00.7782	0000.666
-02.0006	-00.7779	0000.667
-02.0040	-00.7779	0000.668
-02.0070	-00.7779	0000.669
-02.0101	-00.7782	0000.670
-02.0128	-00.7776	0000.671
-02.0153	-00.7782	0000.672
-02.0186	-00.7785	0000.673
-02.0217	-00.7782	0000.674
-02.0253	-00.7782	0000.675
-02.0278	-00.7782	0000.676
-02.0311	-00.7779	0000.677
-02.0339	-00.7782	0000.678
-02.0366	-00.7791	0000.679
-02.0397	-00.7782	0000.680
-02.0427	-00.7785	0000.681
-02.0458	-00.7785	0000.682
-02.0491	-00.7785	0000.683
-02.0513	-00.7782	0000.684
-02.0546	-00.7785	0000.685
-02.0577	-00.7788	0000.686
-02.0613	-00.7785	0000.687
-02.0638	-00.7785	0000.688
-02.0668	-00.7785	0000.689
-02.0696	-00.7782	0000.690
-02.0726	-00.7782	0000.691
-02.0760	-00.7788	0000.692
-02.0787	-00.7788	0000.693
-02.0812	-00.7785	0000.694
-02.0848	-00.7788	0000.695
-02.0876	-00.7788	0000.696
-02.0903	-00.7785	0000.697
-02.0940	-00.7785	0000.698
-02.0971	-00.7788	0000.699
-02.1007	-00.7788	0000.700
-02.1029	-00.7785	0000.701
-02.1059	-00.7788	0000.702
-02.1087	-00.7788	0000.703
-02.1120	-00.7788	0000.704
-02.1154	-00.7788	0000.705
-02.1175	-00.7791	0000.706
-02.1209	-00.7788	0000.707
-02.1236	-00.7791	0000.708
-02.1273	-00.7791	0000.709
-02.1303	-00.7788	0000.710
-02.1334	-00.7794	0000.711
-02.1361	-00.7788	0000.712
-02.1386	-00.7791	0000.713
-02.1425	-00.7791	0000.714
-02.1450	-00.7788	0000.715
-02.1480	-00.7791	0000.716
-02.1511	-00.7791	0000.717
-02.1541	-00.7794	0000.718
-02.1572	-00.7791	0000.719
-02.1602	-00.7791	0000.720
-02.1633	-00.7794	0000.721
-02.1657	-00.7794	0000.722
-02.1694	-00.7797	0000.723
-02.1721	-00.7788	0000.724
-02.1752	-00.7794	0000.725
-02.1773	-00.7800	0000.726
-02.1813	-00.7791	0000.727
-02.1840	-00.7794	0000.728
-02.1874	-00.7794	0000.729
-02.1907	-00.7797	0000.730
-02.1932	-00.7797	0000.731
-02.1956	-00.7794	0000.732
-02.1993	-00.7800	0000.733
-02.2017	-00.7797	0000.734
-02.2048	-00.7797	0000.735
-02.2084	-00.7797	0000.736
-02.2112	-00.7800	0000.737
-02.2142	-00.7797	0000.738
-02.2173	-00.7794	0000.739
-02.2194	-00.7797	0000.740
-02.2231	-00.7797	0000.741
-02.2264	-00.7800	0000.742
-02.2292	-00.7800	0000.743
-02.2316	-00.7800	0000.744
-02.2350	-00.7797	0000.745
-02.2380	-00.7794	0000.746
-02.2411	-00.7803	0000.747
-02.2438	-00.7797	0000.748
-02.2472	-00.7797	0000.749
-02.2499	-00.7800	0000.750
-02.2530	-00.7797	0000.751
-02.2557	-00.7800	0000.752
-02.2594	-00.7803	0000.753
-02.2618	-00.7797	0000.754
-02.2652	-00.7797	0000.755
-02.2676	-00.7797	0000.756
-02.2710	-00.7797	0000.757
-02.2747	-00.7800	0000.758
-02.2768	-00.7794	0000.759
-02.2799	-00.7803	0000.760
-02.2832	-00.7800	0000.761
-02.2863	-00.7803	0000.762
-02.2890	-00.7803	0000.763
-02.2924	-00.7806	0000.764
-02.2957	-00.7803	0000.765
-02.2985	-00.7803	0000.766
-02.3012	-00.7803	0000.767
-02.3034	-00.7803	0000.768
-02.3076	-00.7803	0000.769
-02.3104	-00.7809	0000.770
-02.3134	-00.7803	0000.771
-02.3159	-00.7803	0000.772
-02.3195	-00.7803	0000.773
-02.3226	-00.7806	0000.774
-02.3253	-00.7803	0000.775
-02.3284	-00.7809	0000.776
-02.3314	-00.7803	0000.777
-02.3342	-00.7806	0000.778
-02.3366	-00.7809	0000.779
-02.3403	-00.7806	0000.780
-02.3430	-00.7806	0000.781
-02.3467	-00.7806	0000.782
-02.3494	-00.7809	0000.783
-02.3519	-00.7803	0000.784
-02.3549	-00.7806	0000.785
-02.3580	-00.7806	0000.786
-02.3613	-00.7809	0000.787
-02.3641	-00.7809	0000.788
-02.3674	-00.7809	0000.789
-02.3702	-00.7806	0000.790
-02.3735	-00.7809	0000.791
-02.3763	-00.7809	0000.792
-02.3793	-00.7806	0000.793
-02.3824	-00.7809	0000.794
-02.3851	-00.7806	0000.795
-02.3879	-00.7809	0000.796
-02.3915	-00.7809	0000.797
-02.3943	-00.7809	0000.798
-02.3973	-00.7809	0000.799
-02.4007	-00.7812	0000.800
-02.4031	-00.7809	0000.801
-02.4062	-00.7812	0000.802
-02.4089	-00.7812	0000.803
-02.4120	-00.7818	0000.804
-02.4147	-00.7812	0000.805
-02.4187	-00.7809	0000.806
-02.4215	-00.7812	0000.807
-02.4242	-00.7812	0000.808
-02.4276	-00.7815	0000.809
-02.4300	-00.7815	0000.810
-02.4334	-00.7815	0000.811
-02.4364	-00.7809	0000.812
-02.4389	-00.7812	0000.813
-02.4425	-00.7815	0000.814
-02.4459	-00.7812	0000.815
-02.4483	-00.7812	0000.816
-02.4517	-00.7815	0000.817
-02.4550	-00.7815	0000.818
-02.4572	-00.7812	0000.819
-02.4602	-00.7812	0000.820
-02.4633	-00.7812	0000.821
-02.4663	-00.7812	0000.822
-02.4691	-00.7815	0000.823
-02.4724	-00.7815	0000.824
-02.4752	-00.7815	0000.825
-02.4779	-00.7815	0000.826
-02.4819	-00.7815	0000.827
-02.4846	-00.7815	0000.828
-02.4880	-00.7818	0000.829
-02.4904	-00.7818	0000.830
-02.4938	-00.7818	0000.831
-02.4962	-00.7815	0000.832
-02.4990	-00.7815	0000.833
-02.5023	-00.7815	0000.834
-02.5054	-00.7815	0000.835
-02.5084	-00.7818	0000.836
-02.5118	-00.7815	0000.837
-02.5145	-00.7815	0000.838
-02.5176	-00.7818	0000.839
-02.5209	-00.7815	0000.840
-02.5234	-00.7818	0000.841
-02.5267	-00.7821	0000.842
-02.5295	-00.7818	0000.843
-02.5328	-00.7815	0000.844
-02.5356	-00.7818	0000.845
-02.5389	-00.7821	0000.846
-02.5411	-00.7818	0000.847
-02.5451	-00.7821	0000.848
-02.5472	-00.7818	0000.849
-02.5505	-00.7824	0000.850
-02.5530	-00.7824	0000.851
-02.5563	-00.7821	0000.852
-02.5594	-00.7824	0000.853
-02.5618	-00.7821	0000.854
-02.5649	-00.7821	0000.855
-02.5682	-00.7824	0000.856
-02.5710	-00.7824	0000.857
-02.5743	-00.7824	0000.858
-02.5777	-00.7827	0000.859
-02.5795	-00.7821	0000.860
-02.5832	-00.7827	0000.861
-02.5869	-00.7821	0000.862
-02.5896	-00.7824	0000.863
-02.5930	-00.7824	0000.864
-02.5954	-00.7827	0000.865
-02.5985	-00.7824	0000.866
-02.6018	-00.7827	0000.867
-02.6043	-00.7821	0000.868
-02.6073	-00.7824	0000.869
-02.6110	-00.7824	0000.870
-02.6137	-00.7827	0000.871
-02.6168	-00.7824	0000.872
-02.6198	-00.7830	0000.873
-02.6226	-00.7827	0000.874
-02.6256	-00.7827	0000.875
-02.6287	-00.7827	0000.876
-02.6317	-00.7830	0000.877
-02.6348	-00.7827	0000.878
-02.6375	-00.7824	0000.879
-02.6406	-00.7830	0000.880
-02.6430	-00.7827	0000.881
-02.6464	-00.7830	0000.882
-02.6497	-00.7833	0000.883
-02.6525	-00.7830	0000.884
-02.6555	-00.7827	0000.885
-02.6595	-00.7833	0000.886
-02.6616	-00.7830	0000.887
-02.6644	-00.7830	0000.888
-02.6683	-00.7830	0000.889
-02.6702	-00.7833	0000.890
-02.6738	-00.7827	0000.891
-02.6766	-00.7830	0000.892
-02.6796	-00.7830	0000.893
-02.6827	-00.7827	0000.894
-02.6857	-00.7833	0000.895
-02.6882	-00.7833	0000.896
-02.6915	-00.7830	0000.897
-02.6949	-00.7837	0000.898
-02.6970	-00.7830	0000.899
-02.7007	-00.7827	0000.900
-02.7044	-00.7833	0000.901
-02.7059	-00.7833	0000.902
-02.7102	-00.7837	0000.903
-02.7126	-00.7837	0000.904
-02.7156	-00.7837	0000.905
-02.7187	-00.7833	0000.906
-02.7211	-00.7833	0000.907
-02.7242	-00.7837	0000.908
-02.7275	-00.7833	0000.909
-02.7306	-00.7830	0000.910
-02.7337	-00.7837	0000.911
-02.7367	-00.7837	0000.912
-02.7398	-00.7833	0000.913
-02.7422	-00.7833	0000.914
-02.7456	-00.7840	0000.915
-02.7483	-00.7833	0000.916
-02.7520	-00.7837	0000.917
-02.7547	-00.7837	0000.918
-02.7578	-00.7833	0000.919
-02.7605	-00.7837	0000.920
-02.7642	-00.7833	0000.921
-02.7669	-00.7840	0000.922
-02.7697	-00.7837	0000.923
-02.7733	-00.7833	0000.924
-02.7755	-00.7840	0000.925
-02.7785	-00.7840	0000.926
-02.7816	-00.7837	0000.927
-02.7852	-00.7837	0000.928
-02.7880	-00.7843	0000.929
-02.7904	-00.7840	0000.930
-02.7938	-00.7840	0000.931
-02.7974	-00.7837	0000.932
-02.7999	-00.7840	0000.933
-02.8026	-00.7840	0000.934
-02.8057	-00.7840	0000.935
-02.8090	-00.7840	0000.936
-02.8115	-00.7840	0000.937
-02.8145	-00.7840	0000.938
-02.8176	-00.7843	0000.939
-02.8212	-00.7843	0000.940
-02.8237	-00.7840	0000.941
-02.8267	-00.7837	0000.942
-02.8295	-00.7843	0000.943
-02.8328	-00.7843	0000.944
-02.8362	-00.7840	0000.945
-02.8389	-00.7846	0000.946
-02.8420	-00.7846	0000.947
-02.8450	-00.7843	0000.948
-02.8475	-00.7843	0000.949
-02.8511	-00.7843	0000.950
-02.8536	-00.7846	0000.951
-02.8563	-00.7843	0000.952
-02.8591	-00.7843	0000.953
-02.8630	-00.7846	0000.954
-02.8658	-00.7846	0000.955
-02.8688	-00.7846	0000.956
-02.8716	-00.7849	0000.957
-02.8746	-00.7846	0000.958
-02.8783	-00.7849	0000.959
-02.8811	-00.7846	0000.960
-02.8841	-00.7846	0000.961
-02.8872	-00.7840	0000.962
-02.8896	-00.7846	0000.963
-02.8926	-00.7846	0000.964
-02.8957	-00.7846	0000.965
-02.8988	-00.7849	0000.966
-02.9021	-00.7852	0000.967
-02.9049	-00.7849	0000.968
-02.9082	-00.7846	0000.969
-02.9113	-00.7846	0000.970
-02.9140	-00.7852	0000.971
-02.9174	-00.7849	0000.972
-02.9192	-00.7849	0000.973
-02.9226	-00.7849	0000.974
-02.9256	-00.7852	0000.975
-02.9290	-00.7846	0000.976
-02.9320	-00.7846	0000.977
-02.9345	-00.7852	0000.978
-02.9378	-00.7846	0000.979
-02.9412	-00.7846	0000.980
-02.9439	-00.7849	0000.981
-02.9473	-00.7852	0000.982
-02.9500	-00.7852	0000.983
-02.9531	-00.7849	0000.984
-02.9561	-00.7855	0000.985
-02.9592	-00.7852	0000.986
-02.9619	-00.7849	0000.987
-02.9653	-00.7852	0000.988
-02.9683	-00.7849	0000.989
-02.9711	-00.7855	0000.990
-02.9741	-00.7855	0000.991
-02.9775	-00.7852	0000.992
-02.9802	-00.7858	0000.993
-02.9827	-00.7852	0000.994
-02.9866	-00.7855	0000.995
-02.9888	-00.7852	0000.996
-02.9915	-00.7855	0000.997
-02.9949	-00.7858	0000.998
-02.9979	-00.7852	0000.999
-03.0007	-00.7852	0001.000
-03.0043	-00.7852	0001.001
-03.0013	-00.7855	0001.002
-02.9982	-00.7858	0001.003
-02.9949	-00.7858	0001.004
-02.9924	-00.7855	0001.005
-02.9894	-00.7855	0001.006
-02.9866	-00.7855	0001.007
-02.9836	-00.7861	0001.008
-02.9805	-00.7858	0001.009
-02.9775	-00.7855	0001.010
-02.9741	-00.7858	0001.011
-02.9702	-00.7855	0001.012
-02.9686	-00.7852	0001.013
-02.9656	-00.7858	0001.014
-02.9628	-00.7855	0001.015
-02.9598	-00.7858	0001.016
-02.9561	-00.7858	0001.017
-02.9537	-00.7852	0001.018
-02.9506	-00.7855	0001.019
-02.9473	-00.7855	0001.020
-02.9442	-00.7855	0001.021
-02.9409	-00.7852	0001.022
-02.9384	-00.7855	0001.023
-02.9351	-00.7852	0001.024
-02.9326	-00.7852	0001.025
-02.9293	-00.7858	0001.026
-02.9262	-00.7855	0001.027
-02.9238	-00.7855	0001.028
-02.9201	-00.7855	0001.029
-02.9171	-00.7849	0001.030
-02.9146	-00.7855	0001.031
-02.9116	-00.7858	0001.032
-02.9085	-00.7855	0001.033
-02.9049	-00.7858	0001.034
-02.9027	-00.7852	0001.035
-02.8994	-00.7852	0001.036
-02.8963	-00.7855	0001.037
-02.8939	-00.7855	0001.038
-02.8899	-00.7855	0001.039
-02.8868	-00.7858	0001.040
-02.8844	-00.7855	0001.041
-02.8807	-00.7855	0001.042
-02.8783	-00.7852	0001.043
-02.8749	-00.7858	0001.044
-02.8722	-00.7855	0001.045
-02.8695	-00.7849	0001.046
-02.8658	-00.7855	0001.047
-02.8630	-00.7852	0001.048
-02.8600	-00.7855	0001.049
-02.8569	-00.7852	0001.050
-02.8542	-00.7855	0001.051
-02.8514	-00.7849	0001.052
-02.8481	-00.7855	0001.053
-02.8450	-00.7852	0001.054
-02.8426	-00.7852	0001.055
-02.8389	-00.7855	0001.056
-02.8359	-00.7855	0001.057
-02.8334	-00.7852	0001.058
-02.8298	-00.7849	0001.059
-02.8270	-00.7849	0001.060
-02.8240	-00.7852	0001.061
-02.8212	-00.7852	0001.062
-02.8185	-00.7852	0001.063
-02.8151	-00.7852	0001.064
-02.8124	-00.7855	0001.065
-02.8093	-00.7852	0001.066
-02.8069	-00.7852	0001.067
-02.8032	-00.7852	0001.068
-02.8002	-00.7852	0001.069
-02.7968	-00.7852	0001.070
-02.7938	-00.7852	0001.071
-02.7907	-00.7849	0001.072
-02.7880	-00.7852	0001.073
-02.7846	-00.7846	0001.074
-02.7822	-00.7852	0001.075
-02.7788	-00.7852	0001.076
-02.7761	-00.7849	0001.077
-02.7736	-00.7852	0001.078
-02.7706	-00.7852	0001.079
-02.7672	-00.7852	0001.080
-02.7636	-00.7849	0001.081
-02.7602	-00.7852	0001.082
-02.7578	-00.7849	0001.083
-02.7547	-00.7846	0001.084
-02.7523	-00.7852	0001.085
-02.7489	-00.7852	0001.086
-02.7462	-00.7852	0001.087
-02.7431	-00.7852	0001.088
-02.7401	-00.7849	0001.089
-02.7370	-00.7852	0001.090
-02.7337	-00.7849	0001.091
-02.7315	-00.7849	0001.092
-02.7279	-00.7846	0001.093
-02.7251	-00.7849	0001.094
-02.7224	-00.7852	0001.095
-02.7190	-00.7849	0001.096
-02.7160	-00.7849	0001.097
-02.7135	-00.7852	0001.098
-02.7102	-00.7849	0001.099
-02.7071	-00.7849	0001.100
-02.7034	-00.7846	0001.101
-02.7010	-00.7852	0001.102
-02.6979	-00.7852	0001.103
-02.6952	-00.7846	0001.104
-02.6921	-00.7849	0001.105
-02.6885	-00.7849	0001.106
-02.6854	-00.7852	0001.107
-02.6830	-00.7846	0001.108
-02.6802	-00.7849	0001.109
-02.6766	-00.7849	0001.110
-02.6738	-00.7846	0001.111
-02.6708	-00.7852	0001.112
-02.6677	-00.7846	0001.113
-02.6653	-00.7855	0001.114
-02.6616	-00.7852	0001.115
-02.6586	-00.7843	0001.116
-02.6561	-00.7849	0001.117
-02.6525	-00.7849	0001.118
-02.6497	-00.7846	0001.119
-02.6470	-00.7846	0001.120
-02.6442	-00.7852	0001.121
-02.6409	-00.7849	0001.122
-02.6381	-00.7843	0001.123
-02.6351	-00.7849	0001.124
-02.6320	-00.7846	0001.125
-02.6290	-00.7846	0001.126
-02.6259	-00.7846	0001.127
-02.6229	-00.7849	0001.128
-02.6198	-00.7849	0001.129
-02.6165	-00.7846	0001.130
-02.6140	-00.7849	0001.131
-02.6107	-00.7849	0001.132
-02.6076	-00.7849	0001.133
-02.6046	-00.7846	0001.134
-02.6018	-00.7846	0001.135
-02.5988	-00.7849	0001.136
-02.5957	-00.7846	0001.137
-02.5933	-00.7846	0001.138
-02.5896	-00.7846	0001.139
-02.5869	-00.7846	0001.140
-02.5835	-00.7846	0001.141
-02.5808	-00.7849	0001.142
-02.5780	-00.7843	0001.143
-02.5747	-00.7846	0001.144
-02.5716	-00.7849	0001.145
-02.5692	-00.7843	0001.146
-02.5658	-00.7846	0001.147
-02.5628	-00.7846	0001.148
-02.5597	-00.7846	0001.149
-02.5573	-00.7846	0001.150
-02.5539	-00.7843	0001.151
-02.5509	-00.7846	0001.152
-02.5478	-00.7846	0001.153
-02.5454	-00.7843	0001.154
-02.5420	-00.7849	0001.155
-02.5393	-00.7846	0001.156
-02.5359	-00.7846	0001.157
-02.5332	-00.7849	0001.158
-02.5301	-00.7846	0001.159
-02.5267	-00.7849	0001.160
-02.5237	-00.7843	0001.161
-02.5209	-00.7843	0001.162
-02.5173	-00.7846	0001.163
-02.5148	-00.7843	0001.164
-02.5115	-00.7846	0001.165
-02.5087	-00.7843	0001.166
-02.5060	-00.7843	0001.167
-02.5026	-00.7846	0001.168
-02.4996	-00.7843	0001.169
-02.4965	-00.7846	0001.170
-02.4938	-00.7846	0001.171
-02.4910	-00.7843	0001.172
-02.4874	-00.7843	0001.173
-02.4849	-00.7846	0001.174
-02.4813	-00.7840	0001.175
-02.4788	-00.7843	0001.176
-02.4755	-00.7843	0001.177
-02.4727	-00.7843	0001.178
-02.4697	-00.7849	0001.179
-02.4669	-00.7840	0001.180
-02.4636	-00.7843	0001.181
-02.4608	-00.7840	0001.182
-02.4575	-00.7846	0001.183
-02.4544	-00.7843	0001.184
-02.4517	-00.7846	0001.185
-02.4483	-00.7840	0001.186
-02.4453	-00.7846	0001.187
-02.4431	-00.7843	0001.188
-02.4395	-00.7843	0001.189
-02.4364	-00.7837	0001.190
-02.4331	-00.7840	0001.191
-02.4303	-00.7840	0001.192
-02.4279	-00.7837	0001.193
-02.4242	-00.7843	0001.194
-02.4218	-00.7840	0001.195
-02.4187	-00.7843	0001.196
-02.4154	-00.7840	0001.197
-02.4129	-00.7843	0001.198
-02.4099	-00.7846	0001.199
-02.4071	-00.7840	0001.200
-02.4028	-00.7840	0001.201
-02.4001	-00.7840	0001.202
-02.3973	-00.7840	0001.203
-02.3943	-00.7843	0001.204
-02.3915	-00.7840	0001.205
-02.3882	-00.7840	0001.206
-02.3861	-00.7840	0001.207
-02.3827	-00.7840	0001.208
-02.3796	-00.7837	0001.209
-02.3763	-00.7843	0001.210
-02.3732	-00.7840	0001.211
-02.3705	-00.7840	0001.212
-02.3671	-00.7840	0001.213
-02.3644	-00.7840	0001.214
-02.3613	-00.7840	0001.215
-02.3583	-00.7840	0001.216
-02.3555	-00.7840	0001.217
-02.3522	-00.7837	0001.218
-02.3497	-00.7840	0001.219
-02.3464	-00.7833	0001.220
-02.3430	-00.7840	0001.221
-02.3400	-00.7840	0001.222
-02.3372	-00.7840	0001.223
-02.3345	-00.7843	0001.224
-02.3311	-00.7837	0001.225
-02.3290	-00.7840	0001.226
-02.3253	-00.7837	0001.227
-02.3229	-00.7840	0001.228
-02.3192	-00.7837	0001.229
-02.3162	-00.7837	0001.230
-02.3140	-00.7837	0001.231
-02.3107	-00.7840	0001.232
-02.3073	-00.7840	0001.233
-02.3046	-00.7833	0001.234
-02.3015	-00.7833	0001.235
-02.2988	-00.7837	0001.236
-02.2957	-00.7840	0001.237
-02.2930	-00.7833	0001.238
-02.2896	-00.7837	0001.239
-02.2863	-00.7837	0001.240
-02.2829	-00.7833	0001.241
-02.2805	-00.7837	0001.242
-02.2777	-00.7833	0001.243
-02.2744	-00.7830	0001.244
-02.2713	-00.7837	0001.245
-02.2683	-00.7840	0001.246
-02.2655	-00.7833	0001.247
-02.2622	-00.7833	0001.248
-02.2591	-00.7833	0001.249
-02.2567	-00.7833	0001.250
-02.2530	-00.7833	0001.251
-02.2503	-00.7833	0001.252
-02.2472	-00.7830	0001.253
-02.2451	-00.7833	0001.254
-02.2417	-00.7837	0001.255
-02.2387	-00.7830	0001.256
-02.2350	-00.7837	0001.257
-02.2319	-00.7833	0001.258
-02.2292	-00.7833	0001.259
-02.2268	-00.7833	0001.260
-02.2231	-00.7833	0001.261
-02.2207	-00.7837	0001.262
-02.2170	-00.7837	0001.263
-02.2145	-00.7833	0001.264
-02.2115	-00.7833	0001.265
-02.2087	-00.7833	0001.266
-02.2054	-00.7830	0001.267
-02.2026	-00.7827	0001.268
-02.1993	-00.7833	0001.269
-02.1965	-00.7833	0001.270
-02.1932	-00.7830	0001.271
-02.1904	-00.7833	0001.272
-02.1877	-00.7833	0001.273
-02.1843	-00.7830	0001.274
-02.1813	-00.7830	0001.275
-02.1779	-00.7827	0001.276
-02.1752	-00.7833	0001.277
-02.1724	-00.7833	0001.278
-02.1694	-00.7830	0001.279
-02.1663	-00.7837	0001.280
-02.1633	-00.7833	0001.281
-02.1602	-00.7833	0001.282
-02.1572	-00.7837	0001.283
-02.1544	-00.7830	0001.284
-02.1511	-00.7833	0001.285
-02.1480	-00.7830	0001.286
-02.1456	-00.7827	0001.287
-02.1422	-00.7833	0001.288
-02.1392	-00.7830	0001.289
-02.1361	-00.7830	0001.290
-02.1331	-00.7830	0001.291
-02.1300	-00.7830	0001.292
-02.1270	-00.7830	0001.293
-02.1236	-00.7830	0001.294
-02.1212	-00.7830	0001.295
-02.1181	-00.7833	0001.296
-02.1157	-00.7833	0001.297
-02.1123	-00.7833	0001.298
-02.1093	-00.7824	0001.299
-02.1062	-00.7833	0001.300
-02.1029	-00.7827	0001.301
-02.1004	-00.7830	0001.302
-02.0967	-00.7830	0001.303
-02.0943	-00.7827	0001.304
-02.0913	-00.7830	0001.305
-02.0879	-00.7827	0001.306
-02.0858	-00.7830	0001.307
-02.0821	-00.7827	0001.308
-02.0794	-00.7824	0001.309
-02.0760	-00.7827	0001.310
-02.0736	-00.7827	0001.311
-02.0699	-00.7824	0001.312
-02.0671	-00.7827	0001.313
-02.0638	-00.7827	0001.314
-02.0613	-00.7830	0001.315
-02.0580	-00.7824	0001.316
-02.0546	-00.7830	0001.317
-02.0519	-00.7827	0001.318
-02.0491	-00.7824	0001.319
-02.0461	-00.7830	0001.320
-02.0430	-00.7830	0001.321
-02.0403	-00.7827	0001.322
-02.0375	-00.7827	0001.323
-02.0336	-00.7824	0001.324
-02.0314	-00.7824	0001.325
-02.0284	-00.7827	0001.326
-02.0250	-00.7824	0001.327
-02.0217	-00.7827	0001.328
-02.0189	-00.7824	0001.329
-02.0162	-00.7827	0001.330
-02.0134	-00.7824	0001.331
-02.0104	-00.7827	0001.332
-02.0070	-00.7827	0001.333
-02.0037	-00.7827	0001.334
-02.0012	-00.7818	0001.335
-01.9979	-00.7827	0001.336
-01.9954	-00.7821	0001.337
-01.9924	-00.7827	0001.338
-01.9893	-00.7824	0001.339
-01.9860	-00.7827	0001.340
-01.9829	-00.7824	0001.341
-01.9799	-00.7821	0001.342
-01.9771	-00.7824	0001.343
-01.9744	-00.7827	0001.344
-01.9710	-00.7824	0001.345
-01.9680	-00.7824	0001.346
-01.9652	-00.7824	0001.347
-01.9622	-00.7821	0001.348
-01.9591	-00.7824	0001.349
-01.9551	-00.7821	0001.350
-01.9527	-00.7827	0001.351
-01.9500	-00.7824	0001.352
-01.9466	-00.7824	0001.353
-01.9442	-00.7824	0001.354
-01.9411	-00.7824	0001.355
-01.9381	-00.7824	0001.356
-01.9347	-00.7821	0001.357
-01.9323	-00.7821	0001.358
-01.9289	-00.7827	0001.359
-01.9259	-00.7815	0001.360
-01.9228	-00.7821	0001.361
-01.9204	-00.7821	0001.362
-01.9164	-00.7824	0001.363
-01.9136	-00.7824	0001.364
-01.9106	-00.7821	0001.365
-01.9082	-00.7818	0001.366
-01.9054	-00.7818	0001.367
-01.9020	-00.7824	0001.368
-01.8993	-00.7818	0001.369
-01.8956	-00.7818	0001.370
-01.8932	-00.7818	0001.371
-01.8898	-00.7821	0001.372
-01.8871	-00.7821	0001.373
-01.8840	-00.7818	0001.374
-01.8807	-00.7818	0001.375
-01.8776	-00.7821	0001.376
-01.8749	-00.7821	0001.377
-01.8721	-00.7821	0001.378
-01.8685	-00.7821	0001.379
-01.8657	-00.7821	0001.380
-01.8630	-00.7818	0001.381
-01.8602	-00.7821	0001.382
-01.8569	-00.7812	0001.383
-01.8538	-00.7821	0001.384
-01.8508	-00.7815	0001.385
-01.8480	-00.7818	0001.386
-01.8450	-00.7815	0001.387
-01.8416	-00.7818	0001.388
-01.8386	-00.7818	0001.389
-01.8364	-00.7815	0001.390
-01.8328	-00.7815	0001.391
-01.8300	-00.7818	0001.392
-01.8267	-00.7821	0001.393
-01.8236	-00.7821	0001.394
-01.8203	-00.7815	0001.395
-01.8178	-00.7815	0001.396
-01.8151	-00.7815	0001.397
-01.8114	-00.7815	0001.398
-01.8090	-00.7812	0001.399
-01.8056	-00.7815	0001.400
-01.8023	-00.7815	0001.401
-01.7998	-00.7815	0001.402
-01.7968	-00.7818	0001.403
-01.7937	-00.7812	0001.404
-01.7904	-00.7815	0001.405
-01.7879	-00.7812	0001.406
-01.7852	-00.7812	0001.407
-01.7821	-00.7818	0001.408
-01.7785	-00.7812	0001.409
-01.7760	-00.7815	0001.410
-01.7730	-00.7815	0001.411
-01.7696	-00.7815	0001.412
-01.7669	-00.7815	0001.413
-01.7635	-00.7815	0001.414
-01.7601	-00.7815	0001.415
-01.7580	-00.7812	0001.416
-01.7546	-00.7812	0001.417
-01.7516	-00.7812	0001.418
-01.7485	-00.7812	0001.419
-01.7458	-00.7812	0001.420
-01.7427	-00.7812	0001.421
-01.7400	-00.7815	0001.422
-01.7360	-00.7815	0001.423
-01.7336	-00.7809	0001.424
-01.7311	-00.7812	0001.425
-01.7278	-00.7809	0001.426
-01.7247	-00.7815	0001.427
-01.7220	-00.7815	0001.428
-01.7180	-00.7809	0001.429
-01.7156	-00.7809	0001.430
-01.7125	-00.7815	0001.431
-01.7095	-00.7812	0001.432
-01.7070	-00.7812	0001.433
-01.7037	-00.7812	0001.434
-01.7009	-00.7815	0001.435
-01.6976	-00.7815	0001.436
-01.6945	-00.7815	0001.437
-01.6924	-00.7812	0001.438
-01.6887	-00.7809	0001.439
-01.6860	-00.7815	0001.440
-01.6829	-00.7812	0001.441
-01.6796	-00.7809	0001.442
-01.6768	-00.7809	0001.443
-01.6732	-00.7812	0001.444
-01.6704	-00.7809	0001.445
-01.6674	-00.7812	0001.446
-01.6643	-00.7809	0001.447
-01.6610	-00.7809	0001.448
-01.6582	-00.7809	0001.449
-01.6558	-00.7806	0001.450
-01.6521	-00.7809	0001.451
-01.6497	-00.7812	0001.452
-01.6466	-00.7812	0001.453
-01.6439	-00.7812	0001.454
-01.6408	-00.7815	0001.455
-01.6378	-00.7815	0001.456
-01.6350	-00.7809	0001.457
-01.6314	-00.7809	0001.458
-01.6286	-00.7809	0001.459
-01.6256	-00.7803	0001.460
-01.6228	-00.7806	0001.461
-01.6191	-00.7809	0001.462
-01.6164	-00.7806	0001.463
-01.6130	-00.7809	0001.464
-01.6106	-00.7797	0001.465
-01.6076	-00.7809	0001.466
-01.6048	-00.7809	0001.467
-01.6018	-00.7806	0001.468
-01.5987	-00.7806	0001.469
-01.5957	-00.7806	0001.470
-01.5920	-00.7803	0001.471
-01.5899	-00.7809	0001.472
-01.5865	-00.7806	0001.473
-01.5837	-00.7806	0001.474
-01.5807	-00.7806	0001.475
-01.5773	-00.7806	0001.476
-01.5743	-00.7809	0001.477
-01.5718	-00.7803	0001.478
-01.5688	-00.7806	0001.479
-01.5654	-00.7806	0001.480
-01.5621	-00.7803	0001.481
-01.5593	-00.7806	0001.482
-01.5563	-00.7803	0001.483
-01.5532	-00.7803	0001.484
-01.5502	-00.7803	0001.485
-01.5477	-00.7809	0001.486
-01.5444	-00.7806	0001.487
-01.5416	-00.7800	0001.488
-01.5386	-00.7806	0001.489
-01.5355	-00.7800	0001.490
-01.5322	-00.7806	0001.491
-01.5291	-00.7803	0001.492
-01.5261	-00.7800	0001.493
-01.5233	-00.7803	0001.494
-01.5200	-00.7803	0001.495
-01.5175	-00.7806	0001.496
-01.5145	-00.7800	0001.497
-01.5114	-00.7809	0001.498
-01.5084	-00.7800	0001.499
-01.5053	-00.7800	0001.500
-01.5023	-00.7803	0001.501
-01.4995	-00.7797	0001.502
-01.4962	-00.7803	0001.503
-01.4931	-00.7806	0001.504
-01.4907	-00.7803	0001.505
-01.4873	-00.7800	0001.506
-01.4843	-00.7803	0001.507
-01.4812	-00.7800	0001.508
-01.4782	-00.7800	0001.509
-01.4751	-00.7800	0001.510
-01.4721	-00.7800	0001.511
-01.4696	-00.7800	0001.512
-01.4666	-00.7800	0001.513
-01.4629	-00.7800	0001.514
-01.4602	-00.7800	0001.515
-01.4574	-00.7803	0001.516
-01.4540	-00.7800	0001.517
-01.4507	-00.7803	0001.518
-01.4479	-00.7800	0001.519
-01.4452	-00.7800	0001.520
-01.4421	-00.7800	0001.521
-01.4391	-00.7797	0001.522
-01.4360	-00.7797	0001.523
-01.4333	-00.7797	0001.524
-01.4302	-00.7800	0001.525
-01.4269	-00.7800	0001.526
-01.4238	-00.7794	0001.527
-01.4208	-00.7794	0001.528
-01.4183	-00.7797	0001.529
-01.4150	-00.7797	0001.530
-01.4125	-00.7794	0001.531
-01.4092	-00.7794	0001.532
-01.4064	-00.7797	0001.533
-01.4028	-00.7791	0001.534
-01.4000	-00.7797	0001.535
-01.3967	-00.7797	0001.536
-01.3948	-00.7797	0001.537
-01.3912	-00.7797	0001.538
-01.3881	-00.7797	0001.539
-01.3851	-00.7794	0001.540
-01.3826	-00.7797	0001.541
-01.3790	-00.7797	0001.542
-01.3765	-00.7797	0001.543
-01.3729	-00.7791	0001.544
-01.3698	-00.7797	0001.545
-01.3668	-00.7794	0001.546
-01.3643	-00.7800	0001.547
-01.3613	-00.7800	0001.548
-01.3582	-00.7794	0001.549
-01.3555	-00.7791	0001.550
-01.3521	-00.7794	0001.551
-01.3491	-00.7794	0001.552
-01.3460	-00.7791	0001.553
-01.3430	-00.7794	0001.554
-01.3399	-00.7794	0001.555
-01.3372	-00.7794	0001.556
-01.3338	-00.7797	0001.557
-01.3308	-00.7791	0001.558
-01.3277	-00.7791	0001.559
-01.3250	-00.7791	0001.560
-01.3219	-00.7791	0001.561
-01.3195	-00.7794	0001.562
-01.3161	-00.7791	0001.563
-01.3128	-00.7794	0001.564
-01.3097	-00.7785	0001.565
-01.3073	-00.7791	0001.566
-01.3042	-00.7788	0001.567
-01.3012	-00.7791	0001.568
-01.2981	-00.7791	0001.569
-01.2947	-00.7791	0001.570
-01.2917	-00.7791	0001.571
-01.2889	-00.7788	0001.572
-01.2862	-00.7794	0001.573
-01.2828	-00.7788	0001.574
-01.2795	-00.7791	0001.575
-01.2770	-00.7791	0001.576
-01.2740	-00.7791	0001.577
-01.2712	-00.7785	0001.578
-01.2682	-00.7788	0001.579
-01.2645	-00.7791	0001.580
-01.2618	-00.7788	0001.581
-01.2587	-00.7791	0001.582
-01.2563	-00.7788	0001.583
-01.2529	-00.7791	0001.584
-01.2499	-00.7785	0001.585
-01.2471	-00.7791	0001.586
-01.2438	-00.7785	0001.587
-01.2410	-00.7791	0001.588
-01.2374	-00.7788	0001.589
-01.2349	-00.7791	0001.590
-01.2319	-00.7785	0001.591
-01.2288	-00.7791	0001.592
-01.2255	-00.7788	0001.593
-01.2227	-00.7782	0001.594
-01.2197	-00.7791	0001.595
-01.2166	-00.7785	0001.596
-01.2136	-00.7785	0001.597
-01.2108	-00.7785	0001.598
-01.2075	-00.7785	0001.599
-01.2044	-00.7788	0001.600
-01.2017	-00.7785	0001.601
-01.1989	-00.7785	0001.602
-01.1959	-00.7788	0001.603
-01.1925	-00.7785	0001.604
-01.1898	-00.7788	0001.605
-01.1867	-00.7788	0001.606
-01.1840	-00.7782	0001.607
-01.1809	-00.7785	0001.608
-01.1776	-00.7782	0001.609
-01.1748	-00.7782	0001.610
-01.1718	-00.7782	0001.611
-01.1684	-00.7788	0001.612
-01.1660	-00.7788	0001.613
-01.1626	-00.7782	0001.614
-01.1596	-00.7785	0001.615
-01.1565	-00.7785	0001.616
-01.1538	-00.7779	0001.617
-01.1507	-00.7782	0001.618
-01.1477	-00.7782	0001.619
-01.1452	-00.7794	0001.620
-01.1415	-00.7785	0001.621
-01.1388	-00.7782	0001.622
-01.1351	-00.7782	0001.623
-01.1324	-00.7782	0001.624
-01.1293	-00.7782	0001.625
-01.1269	-00.7779	0001.626
-01.1235	-00.7782	0001.627
-01.1205	-00.7785	0001.628
-01.1174	-00.7779	0001.629
-01.1147	-00.7779	0001.630
-01.1113	-00.7779	0001.631
-01.1083	-00.7782	0001.632
-01.1058	-00.7779	0001.633
-01.1025	-00.7782	0001.634
-01.0994	-00.7766	0001.635
-01.0964	-00.7779	0001.636
-01.0939	-00.7779	0001.637
-01.0909	-00.7779	0001.638
-01.0878	-00.7776	0001.639
-01.0848	-00.7779	0001.640
-01.0817	-00.7779	0001.641
-01.0787	-00.7776	0001.642
-01.0759	-00.7779	0001.643
-01.0723	-00.7779	0001.644
-01.0698	-00.7779	0001.645
-01.0665	-00.7776	0001.646
-01.0637	-00.7779	0001.647
-01.0601	-00.7779	0001.648
-01.0573	-00.7776	0001.649
-01.0549	-00.7779	0001.650
-01.0518	-00.7782	0001.651
-01.0488	-00.7776	0001.652
-01.0457	-00.7772	0001.653
-01.0427	-00.7772	0001.654
-01.0396	-00.7769	0001.655
-01.0369	-00.7772	0001.656
-01.0335	-00.7779	0001.657
-01.0305	-00.7769	0001.658
-01.0274	-00.7779	0001.659
-01.0250	-00.7772	0001.660
-01.0216	-00.7769	0001.661
-01.0183	-00.7776	0001.662
-01.0158	-00.7776	0001.663
-01.0125	-00.7772	0001.664
-01.0091	-00.7776	0001.665
-01.0070	-00.7776	0001.666
-01.0033	-00.7769	0001.667
-01.0003	-00.7772	0001.668
-00.9975	-00.7776	0001.669
-00.9948	-00.7779	0001.670
-00.9911	-00.7772	0001.671
-00.9887	-00.7776	0001.672
-00.9856	-00.7772	0001.673
-00.9832	-00.7766	0001.674
-00.9795	-00.7772	0001.675
-00.9764	-00.7776	0001.676
-00.9737	-00.7772	0001.677
-00.9707	-00.7769	0001.678
-00.9670	-00.7776	0001.679
-00.9649	-00.7766	0001.680
-00.9612	-00.7769	0001.681
-00.9584	-00.7766	0001.682
-00.9551	-00.7772	0001.683
-00.9523	-00.7763	0001.684
-00.9493	-00.7760	0001.685
-00.9465	-00.7766	0001.686
-00.9429	-00.7769	0001.687
-00.9404	-00.7769	0001.688
-00.9371	-00.7769	0001.689
-00.9346	-00.7769	0001.690
-00.9313	-00.7772	0001.691
-00.9279	-00.7766	0001.692
-00.9255	-00.7763	0001.693
-00.9227	-00.7766	0001.694
-00.9191	-00.7766	0001.695
-00.9169	-00.7769	0001.696
-00.9133	-00.7766	0001.697
-00.9105	-00.7769	0001.698
-00.9072	-00.7769	0001.699
-00.9053	-00.7769	0001.700
-00.9014	-00.7763	0001.701
-00.8986	-00.7766	0001.702
-00.8956	-00.7766	0001.703
-00.8922	-00.7766	0001.704
-00.8892	-00.7766	0001.705
-00.8861	-00.7766	0001.706
-00.8834	-00.7766	0001.707
-00.8806	-00.7760	0001.708
-00.8773	-00.7763	0001.709
-00.8745	-00.7766	0001.710
-00.8712	-00.7763	0001.711
-00.8684	-00.7763	0001.712
-00.8657	-00.7763	0001.713
-00.8623	-00.7760	0001.714
-00.8599	-00.7757	0001.715
-00.8565	-00.7763	0001.716
-00.8532	-00.7757	0001.717
-00.8501	-00.7760	0001.718
-00.8474	-00.7766	0001.719
-00.8446	-00.7760	0001.720
-00.8410	-00.7763	0001.721
-00.8385	-00.7760	0001.722
-00.8358	-00.7769	0001.723
-00.8327	-00.7763	0001.724
-00.8300	-00.7763	0001.725
-00.8263	-00.7757	0001.726
-00.8233	-00.7763	0001.727
-00.8202	-00.7757	0001.728
-00.8171	-00.7757	0001.729
-00.8138	-00.7757	0001.730
-00.8113	-00.7760	0001.731
-00.8083	-00.7760	0001.732
-00.8049	-00.7757	0001.733
-00.8028	-00.7760	0001.734
-00.7994	-00.7757	0001.735
-00.7961	-00.7763	0001.736
-00.7933	-00.7757	0001.737
-00.7906	-00.7760	0001.738
-00.7872	-00.7757	0001.739
-00.7839	-00.7757	0001.740
-00.7814	-00.7760	0001.741
-00.7781	-00.7757	0001.742
-00.7747	-00.7760	0001.743
-00.7726	-00.7754	0001.744
-00.7692	-00.7757	0001.745
-00.7662	-00.7760	0001.746
-00.7634	-00.7754	0001.747
-00.7604	-00.7760	0001.748
-00.7573	-00.7754	0001.749
-00.7543	-00.7754	0001.750
-00.7512	-00.7754	0001.751
-00.7479	-00.7754	0001.752
-00.7451	-00.7754	0001.753
-00.7424	-00.7754	0001.754
-00.7393	-00.7751	0001.755
-00.7363	-00.7757	0001.756
-00.7332	-00.7757	0001.757
-00.7299	-00.7754	0001.758
-00.7271	-00.7751	0001.759
-00.7241	-00.7757	0001.760
-00.7213	-00.7751	0001.761
-00.7180	-00.7760	0001.762
-00.7149	-00.7754	0001.763
-00.7125	-00.7760	0001.764
-00.7091	-00.7751	0001.765
-00.7058	-00.7754	0001.766
-00.7033	-00.7754	0001.767
-00.7006	-00.7748	0001.768
-00.6969	-00.7754	0001.769
-00.6939	-00.7754	0001.770
-00.6911	-00.7754	0001.771
-00.6881	-00.7748	0001.772
-00.6853	-00.7751	0001.773
-00.6823	-00.7751	0001.774
-00.6786	-00.7748	0001.775
-00.6762	-00.7751	0001.776
-00.6731	-00.7754	0001.777
-00.6701	-00.7748	0001.778
-00.6673	-00.7751	0001.779
-00.6643	-00.7754	0001.780
-00.6609	-00.7748	0001.781
-00.6582	-00.7748	0001.782
-00.6548	-00.7748	0001.783
-00.6520	-00.7751	0001.784
-00.6490	-00.7745	0001.785
-00.6462	-00.7748	0001.786
-00.6426	-00.7748	0001.787
-00.6398	-00.7751	0001.788
-00.6368	-00.7751	0001.789
-00.6343	-00.7751	0001.790
-00.6313	-00.7751	0001.791
-00.6279	-00.7748	0001.792
-00.6252	-00.7748	0001.793
-00.6218	-00.7745	0001.794
-00.6191	-00.7745	0001.795
-00.6163	-00.7748	0001.796
-00.6130	-00.7742	0001.797
-00.6102	-00.7745	0001.798
-00.6072	-00.7745	0001.799
-00.6041	-00.7748	0001.800
-00.6005	-00.7745	0001.801
-00.5977	-00.7748	0001.802
-00.5959	-00.7745	0001.803
-00.5916	-00.7745	0001.804
-00.5892	-00.7745	0001.805
-00.5858	-00.7742	0001.806
-00.5831	-00.7742	0001.807
-00.5800	-00.7742	0001.808
-00.5773	-00.7742	0001.809
-00.5742	-00.7742	0001.810
-00.5706	-00.7745	0001.811
-00.5675	-00.7742	0001.812
-00.5651	-00.7742	0001.813
-00.5620	-00.7742	0001.814
-00.5590	-00.7739	0001.815
-00.5562	-00.7742	0001.816
-00.5526	-00.7742	0001.817
-00.5498	-00.7739	0001.818
-00.5471	-00.7739	0001.819
-00.5440	-00.7742	0001.820
-00.5410	-00.7745	0001.821
-00.5379	-00.7742	0001.822
-00.5349	-00.7739	0001.823
-00.5315	-00.7736	0001.824
-00.5288	-00.7736	0001.825
-00.5260	-00.7739	0001.826
-00.5233	-00.7739	0001.827
-00.5202	-00.7742	0001.828
-00.5165	-00.7739	0001.829
-00.5135	-00.7739	0001.830
-00.5111	-00.7739	0001.831
-00.5080	-00.7736	0001.832
-00.5053	-00.7742	0001.833
-00.5016	-00.7739	0001.834
-00.4985	-00.7736	0001.835
-00.4958	-00.7736	0001.836
-00.4931	-00.7736	0001.837
-00.4894	-00.7733	0001.838
-00.4869	-00.7736	0001.839
-00.4836	-00.7733	0001.840
-00.4808	-00.7736	0001.841
-00.4775	-00.7736	0001.842
-00.4750	-00.7736	0001.843
-00.4720	-00.7736	0001.844
-00.4696	-00.7733	0001.845
-00.4656	-00.7733	0001.846
-00.4628	-00.7742	0001.847
-00.4598	-00.7733	0001.848
-00.4567	-00.7736	0001.849
-00.4540	-00.7736	0001.850
-00.4509	-00.7730	0001.851
-00.4479	-00.7730	0001.852
-00.4448	-00.7730	0001.853
-00.4418	-00.7730	0001.854
-00.4390	-00.7730	0001.855
-00.4360	-00.7736	0001.856
-00.4329	-00.7727	0001.857
-00.4299	-00.7736	0001.858
-00.4274	-00.7730	0001.859
-00.4238	-00.7733	0001.860
-00.4207	-00.7733	0001.861
-00.4183	-00.7733	0001.862
-00.4149	-00.7730	0001.863
-00.4116	-00.7730	0001.864
-00.4091	-00.7727	0001.865
-00.4061	-00.7730	0001.866
-00.4027	-00.7730	0001.867
-00.3997	-00.7727	0001.868
-00.3969	-00.7736	0001.869
-00.3939	-00.7730	0001.870
-00.3911	-00.7724	0001.871
-00.3878	-00.7727	0001.872
-00.3850	-00.7730	0001.873
-00.3817	-00.7724	0001.874
-00.3792	-00.7730	0001.875
-00.3762	-00.7727	0001.876
-00.3725	-00.7730	0001.877
-00.3698	-00.7727	0001.878
-00.3664	-00.7730	0001.879
-00.3637	-00.7727	0001.880
-00.3606	-00.7730	0001.881
-00.3576	-00.7724	0001.882
-00.3545	-00.7721	0001.883
-00.3521	-00.7724	0001.884
-00.3487	-00.7727	0001.885
-00.3453	-00.7727	0001.886
-00.3426	-00.7730	0001.887
-00.3395	-00.7721	0001.888
-00.3368	-00.7724	0001.889
-00.3337	-00.7724	0001.890
-00.3307	-00.7721	0001.891
-00.3273	-00.7727	0001.892
-00.3246	-00.7721	0001.893
-00.3212	-00.7721	0001.894
-00.3188	-00.7724	0001.895
-00.3154	-00.7724	0001.896
-00.3124	-00.7724	0001.897
-00.3099	-00.7724	0001.898
-00.3069	-00.7721	0001.899
-00.3035	-00.7718	0001.900
-00.3005	-00.7721	0001.901
-00.2980	-00.7721	0001.902
-00.2947	-00.7721	0001.903
-00.2916	-00.7724	0001.904
-00.2883	-00.7718	0001.905
-00.2855	-00.7721	0001.906
-00.2825	-00.7718	0001.907
-00.2797	-00.7718	0001.908
-00.2770	-00.7721	0001.909
-00.2736	-00.7718	0001.910
-00.2709	-00.7718	0001.911
-00.2669	-00.7721	0001.912
-00.2651	-00.7714	0001.913
-00.2617	-00.7718	0001.914
-00.2590	-00.7714	0001.915
-00.2559	-00.7718	0001.916
-00.2526	-00.7714	0001.917
-00.2492	-00.7718	0001.918
-00.2468	-00.7714	0001.919
-00.2434	-00.7718	0001.920
-00.2404	-00.7718	0001.921
-00.2376	-00.7714	0001.922
-00.2343	-00.7718	0001.923
-00.2312	-00.7714	0001.924
-00.2288	-00.7714	0001.925
-00.2254	-00.7714	0001.926
-00.2224	-00.7714	0001.927
-00.2196	-00.7718	0001.928
-00.2163	-00.7711	0001.929
-00.2132	-00.7708	0001.930
-00.2102	-00.7718	0001.931
-00.2077	-00.7711	0001.932
-00.2044	-00.7711	0001.933
-00.2013	-00.7711	0001.934
-00.1979	-00.7711	0001.935
-00.1955	-00.7714	0001.936
-00.1925	-00.7711	0001.937
-00.1894	-00.7714	0001.938
-00.1870	-00.7711	0001.939
-00.1833	-00.7711	0001.940
-00.1802	-00.7711	0001.941
-00.1772	-00.7708	0001.942
-00.1744	-00.7711	0001.943
-00.1711	-00.7711	0001.944
-00.1686	-00.7711	0001.945
-00.1656	-00.7711	0001.946
-00.1622	-00.7708	0001.947
-00.1595	-00.7708	0001.948
-00.1564	-00.7708	0001.949
-00.1534	-00.7705	0001.950
-00.1509	-00.7708	0001.951
-00.1473	-00.7708	0001.952
-00.1445	-00.7705	0001.953
-00.1415	-00.7708	0001.954
-00.1384	-00.7708	0001.955
-00.1351	-00.7705	0001.956
-00.1323	-00.7705	0001.957
-00.1293	-00.7708	0001.958
-00.1265	-00.7708	0001.959
-00.1235	-00.7705	0001.960
-00.1207	-00.7705	0001.961
-00.1177	-00.7705	0001.962
-00.1146	-00.7705	0001.963
-00.1113	-00.7705	0001.964
-00.1082	-00.7705	0001.965
-00.1058	-00.7702	0001.966
-00.1027	-00.7705	0001.967
-00.0994	-00.7702	0001.968
-00.0966	-00.7705	0001.969
-00.0933	-00.7705	0001.970
-00.0899	-00.7699	0001.971
-00.0875	-00.7699	0001.972
-00.0844	-00.7702	0001.973
-00.0814	-00.7705	0001.974
-00.0783	-00.7702	0001.975
-00.0756	-00.7699	0001.976
-00.0719	-00.7702	0001.977
-00.0695	-00.7699	0001.978
-00.0664	-00.7702	0001.979
-00.0634	-00.7699	0001.980
-00.0606	-00.7702	0001.981
-00.0576	-00.7699	0001.982
-00.0539	-00.7696	0001.983
-00.0515	-00.7702	0001.984
-00.0487	-00.7696	0001.985
-00.0454	-00.7702	0001.986
-00.0420	-00.7699	0001.987
-00.0393	-00.7693	0001.988
-00.0359	-00.7699	0001.989
-00.0338	-00.7693	0001.990
-00.0304	-00.7696	0001.991
-00.0274	-00.7696	0001.992
-00.0240	-00.7696	0001.993
-00.0212	-00.7696	0001.994
-00.0182	-00.7693	0001.995
-00.0151	-00.7693	0001.996
-00.0121	-00.7696	0001.997
-00.0084	-00.7690	0001.998
-00.0060	-00.7690	0001.999
