R,Ohm	C,pF	Temp,C
0000000000	0000100000	+114.11
Ch1,V	Ch2,V	Time,s
-00.0002	-00.0006	0000.000
-00.0002	-00.0009	0000.001
+00.0026	-00.0009	0000.002
+00.0056	-00.0006	0000.003
+00.0090	-00.0012	0000.004
+00.0117	-00.0009	0000.005
+00.0148	-00.0009	0000.006
+00.0175	-00.0006	0000.007
+00.0206	-00.0009	0000.008
+00.0236	-00.0006	0000.009
+00.0273	-00.0009	0000.010
+00.0291	-00.0009	0000.011
+00.0325	-00.0009	0000.012
+00.0352	-00.0003	0000.013
+00.0389	-00.0009	0000.014
+00.0416	-00.0009	0000.015
+00.0447	-00.0006	0000.016
+00.0477	-00.0009	0000.017
+00.0508	-00.0009	0000.018
+00.0535	-00.0009	0000.019
+00.0566	-00.0006	0000.020
+00.0596	-00.0006	0000.021
+00.0630	-00.0009	0000.022
+00.0660	-00.0009	0000.023
+00.0694	-00.0009	0000.024
+00.0712	-00.0006	0000.025
+00.0749	-00.0006	0000.026
+00.0776	-00.0006	0000.027
+00.0807	-00.0003	0000.028
+00.0837	-00.0003	0000.029
+00.0871	-00.0006	0000.030
+00.0898	-00.0003	0000.031
+00.0926	-00.0003	0000.032
+00.0959	-00.0006	0000.033
+00.0987	-00.0009	0000.034
+00.1017	-00.0006	0000.035
+00.1048	-00.0009	0000.036
+00.1075	-00.0003	0000.037
+00.1109	-00.0003	0000.038
+00.1142	-00.0003	0000.039
+00.1167	-00.0003	0000.040
+00.1200	-00.0003	0000.041
+00.1225	-00.0006	0000.042
+00.1255	-00.0003	0000.043
+00.1289	+00.0000	0000.044
+00.1319	-00.0003	0000.045
+00.1347	-00.0006	0000.046
+00.1377	-00.0006	0000.047
+00.1405	-00.0003	0000.048
+00.1439	-00.0006	0000.049
+00.1469	+00.0000	0000.050
+00.1496	-00.0003	0000.051
+00.1527	-00.0003	0000.052
+00.1567	+00.0000	0000.053
+00.1585	+00.0000	0000.054
+00.1616	-00.0003	0000.055
+00.1652	+00.0000	0000.056
+00.1680	+00.0000	0000.057
+00.1710	+00.0003	0000.058
+00.1744	+00.0000	0000.059
+00.1768	-00.0003	0000.060
+00.1802	+00.0000	0000.061
+00.1823	-00.0003	0000.062
+00.1860	-00.0003	0000.063
+00.1890	-00.0003	0000.064
+00.1921	+00.0000	0000.065
+00.1948	+00.0003	0000.066
+00.1979	-00.0003	0000.067
+00.2009	+00.0000	0000.068
+00.2040	+00.0003	0000.069
+00.2070	-00.0003	0000.070
+00.2101	+00.0000	0000.071
+00.2131	+00.0003	0000.072
+00.2162	+00.0000	0000.073
+00.2189	-00.0006	0000.074
+00.2220	+00.0000	0000.075
+00.2247	+00.0003	0000.076
+00.2278	+00.0006	0000.077
+00.2302	+00.0000	0000.078
+00.2342	+00.0000	0000.079
+00.2369	-00.0003	0000.080
+00.2403	+00.0003	0000.081
+00.2430	+00.0003	0000.082
+00.2464	+00.0006	0000.083
+00.2488	+00.0003	0000.084
+00.2522	+00.0006	0000.085
+00.2549	+00.0003	0000.086
+00.2583	+00.0003	0000.087
+00.2610	+00.0006	0000.088
+00.2641	+00.0003	0000.089
+00.2668	+00.0006	0000.090
+00.2702	+00.0003	0000.091
+00.2732	+00.0006	0000.092
+00.2763	+00.0006	0000.093
+00.2790	+00.0006	0000.094
+00.2827	+00.0003	0000.095
+00.2848	+00.0006	0000.096
+00.2882	+00.0003	0000.097
+00.2913	+00.0003	0000.098
+00.2940	+00.0003	0000.099
+00.2974	+00.0010	0000.100
+00.3004	+00.0006	0000.101
+00.3032	+00.0006	0000.102
+00.3059	+00.0006	0000.103
+00.3093	+00.0006	0000.104
+00.3117	+00.0010	0000.105
+00.3154	+00.0006	0000.106
+00.3178	+00.0003	0000.107
+00.3212	+00.0010	0000.108
+00.3236	+00.0010	0000.109
+00.3270	+00.0010	0000.110
+00.3303	+00.0010	0000.111
+00.3334	+00.0010	0000.112
+00.3358	+00.0006	0000.113
+00.3392	+00.0013	0000.114
+00.3419	+00.0010	0000.115
+00.3447	+00.0010	0000.116
+00.3480	+00.0013	0000.117
+00.3514	+00.0013	0000.118
+00.3541	+00.0016	0000.119
+00.3572	+00.0013	0000.120
+00.3599	+00.0010	0000.121
+00.3630	+00.0010	0000.122
+00.3660	+00.0013	0000.123
+00.3691	+00.0010	0000.124
+00.3721	+00.0010	0000.125
+00.3752	+00.0010	0000.126
+00.3776	+00.0016	0000.127
+00.3813	+00.0013	0000.128
+00.3849	+00.0013	0000.129
+00.3874	+00.0013	0000.130
+00.3901	+00.0016	0000.131
+00.3932	+00.0013	0000.132
+00.3962	+00.0019	0000.133
+00.3990	+00.0016	0000.134
+00.4026	+00.0013	0000.135
+00.4051	+00.0013	0000.136
+00.4081	+00.0016	0000.137
+00.4112	+00.0016	0000.138
+00.4145	+00.0016	0000.139
+00.4176	+00.0016	0000.140
+00.4206	+00.0022	0000.141
+00.4237	+00.0016	0000.142
+00.4264	+00.0016	0000.143
+00.4292	+00.0016	0000.144
+00.4322	+00.0016	0000.145
+00.4356	+00.0022	0000.146
+00.4383	+00.0016	0000.147
+00.4414	+00.0019	0000.148
+00.4441	+00.0019	0000.149
+00.4475	+00.0019	0000.150
+00.4502	+00.0016	0000.151
+00.4533	+00.0022	0000.152
+00.4567	+00.0022	0000.153
+00.4597	+00.0019	0000.154
+00.4618	+00.0022	0000.155
+00.4652	+00.0019	0000.156
+00.4686	+00.0022	0000.157
+00.4710	+00.0022	0000.158
+00.4741	+00.0022	0000.159
+00.4768	+00.0022	0000.160
+00.4802	+00.0022	0000.161
+00.4835	+00.0025	0000.162
+00.4863	+00.0019	0000.163
+00.4896	+00.0022	0000.164
+00.4924	+00.0022	0000.165
+00.4948	+00.0025	0000.166
+00.4982	+00.0022	0000.167
+00.5015	+00.0025	0000.168
+00.5043	+00.0025	0000.169
+00.5073	+00.0022	0000.170
+00.5101	+00.0028	0000.171
+00.5128	+00.0031	0000.172
+00.5162	+00.0022	0000.173
+00.5192	+00.0028	0000.174
+00.5220	+00.0028	0000.175
+00.5256	+00.0028	0000.176
+00.5287	+00.0025	0000.177
+00.5320	+00.0028	0000.178
+00.5345	+00.0031	0000.179
+00.5375	+00.0028	0000.180
+00.5400	+00.0031	0000.181
+00.5436	+00.0028	0000.182
+00.5464	+00.0028	0000.183
+00.5494	+00.0031	0000.184
+00.5522	+00.0022	0000.185
+00.5552	+00.0031	0000.186
+00.5583	+00.0028	0000.187
+00.5616	+00.0028	0000.188
+00.5650	+00.0031	0000.189
+00.5668	+00.0028	0000.190
+00.5705	+00.0028	0000.191
+00.5729	+00.0031	0000.192
+00.5766	+00.0031	0000.193
+00.5796	+00.0034	0000.194
+00.5827	+00.0037	0000.195
+00.5857	+00.0031	0000.196
+00.5885	+00.0034	0000.197
+00.5922	+00.0037	0000.198
+00.5949	+00.0034	0000.199
+00.5983	+00.0037	0000.200
+00.6013	+00.0037	0000.201
+00.6034	+00.0037	0000.202
+00.6062	+00.0034	0000.203
+00.6092	+00.0037	0000.204
+00.6126	+00.0034	0000.205
+00.6157	+00.0040	0000.206
+00.6184	+00.0040	0000.207
+00.6218	+00.0040	0000.208
+00.6245	+00.0040	0000.209
+00.6279	+00.0037	0000.210
+00.6303	+00.0040	0000.211
+00.6334	+00.0040	0000.212
+00.6364	+00.0043	0000.213
+00.6392	+00.0040	0000.214
+00.6428	+00.0043	0000.215
+00.6459	+00.0043	0000.216
+00.6483	+00.0043	0000.217
+00.6517	+00.0043	0000.218
+00.6541	+00.0043	0000.219
+00.6572	+00.0046	0000.220
+00.6605	+00.0043	0000.221
+00.6639	+00.0046	0000.222
+00.6663	+00.0046	0000.223
+00.6694	+00.0049	0000.224
+00.6724	+00.0049	0000.225
+00.6758	+00.0052	0000.226
+00.6785	+00.0052	0000.227
+00.6813	+00.0061	0000.228
+00.6846	+00.0058	0000.229
+00.6877	+00.0061	0000.230
+00.6901	+00.0064	0000.231
+00.6935	+00.0077	0000.232
+00.6965	+00.0089	0000.233
+00.7002	+00.0104	0000.234
+00.7029	+00.0141	0000.235
+00.7057	+00.0156	0000.236
+00.7084	+00.0162	0000.237
+00.7115	+00.0174	0000.238
+00.7148	+00.0180	0000.239
+00.7182	+00.0193	0000.240
+00.7206	+00.0229	0000.241
+00.7237	+00.0263	0000.242
+00.7267	+00.0284	0000.243
+00.7292	+00.0425	0000.244
+00.7325	+00.0446	0000.245
+00.7359	+00.0458	0000.246
+00.7389	+00.0464	0000.247
+00.7420	+00.0483	0000.248
+00.7447	+00.0513	0000.249
+00.7478	+00.0589	0000.250
+00.7505	+00.0626	0000.251
+00.7542	+00.0718	0000.252
+00.7566	+00.1801	0000.253
+00.7597	+00.3073	0000.254
+00.7624	+00.3739	0000.255
+00.7652	+00.4026	0000.256
+00.7682	+00.4538	0000.257
+00.7719	+00.4740	0000.258
+00.7750	+00.5021	0000.259
+00.7774	+00.5896	0000.260
+00.7811	+00.6299	0000.261
+00.7832	+00.6775	0000.262
+00.7866	+00.6864	0000.263
+00.7896	+00.6919	0000.264
+00.7930	+00.6961	0000.265
+00.7957	+00.6998	0000.266
+00.7988	+00.7029	0000.267
+00.8015	+00.7056	0000.268
+00.8049	+00.7068	0000.269
+00.8079	+00.7093	0000.270
+00.8110	+00.7108	0000.271
+00.8137	+00.7129	0000.272
+00.8168	+00.7145	0000.273
+00.8192	+00.7160	0000.274
+00.8229	+00.7175	0000.275
+00.8256	+00.7187	0000.276
+00.8287	+00.7196	0000.277
+00.8317	+00.7206	0000.278
+00.8348	+00.7221	0000.279
+00.8375	+00.7233	0000.280
+00.8409	+00.7236	0000.281
+00.8436	+00.7251	0000.282
+00.8473	+00.7260	0000.283
+00.8500	+00.7267	0000.284
+00.8528	+00.7276	0000.285
+00.8558	+00.7285	0000.286
+00.8592	+00.7294	0000.287
+00.8616	+00.7300	0000.288
+00.8653	+00.7306	0000.289
+00.8680	+00.7315	0000.290
+00.8708	+00.7322	0000.291
+00.8735	+00.7325	0000.292
+00.8772	+00.7331	0000.293
+00.8799	+00.7337	0000.294
+00.8830	+00.7343	0000.295
+00.8860	+00.7349	0000.296
+00.8888	+00.7358	0000.297
+00.8915	+00.7361	0000.298
+00.8946	+00.7364	0000.299
+00.8979	+00.7376	0000.300
+00.9007	+00.7376	0000.301
+00.9037	+00.7380	0000.302
+00.9068	+00.7383	0000.303
+00.9098	+00.7392	0000.304
+00.9126	+00.7398	0000.305
+00.9159	+00.7401	0000.306
+00.9187	+00.7407	0000.307
+00.9220	+00.7410	0000.308
+00.9248	+00.7410	0000.309
+00.9275	+00.7413	0000.310
+00.9312	+00.7419	0000.311
+00.9343	+00.7422	0000.312
+00.9367	+00.7425	0000.313
+00.9397	+00.7431	0000.314
+00.9434	+00.7431	0000.315
+00.9462	+00.7437	0000.316
+00.9492	+00.7437	0000.317
+00.9523	+00.7441	0000.318
+00.9550	+00.7444	0000.319
+00.9578	+00.7450	0000.320
+00.9611	+00.7453	0000.321
+00.9636	+00.7453	0000.322
+00.9672	+00.7453	0000.323
+00.9700	+00.7456	0000.324
+00.9730	+00.7462	0000.325
+00.9764	+00.7465	0000.326
+00.9788	+00.7465	0000.327
+00.9816	+00.7465	0000.328
+00.9852	+00.7474	0000.329
+00.9886	+00.7474	0000.330
+00.9910	+00.7480	0000.331
+00.9941	+00.7480	0000.332
+00.9968	+00.7483	0000.333
+01.0002	+00.7480	0000.334
+01.0032	+00.7486	0000.335
+01.0057	+00.7486	0000.336
+01.0090	+00.7502	0000.337
+01.0124	+00.7489	0000.338
+01.0151	+00.7492	0000.339
+01.0185	+00.7499	0000.340
+01.0209	+00.7502	0000.341
+01.0240	+00.7502	0000.342
+01.0267	+00.7505	0000.343
+01.0298	+00.7508	0000.344
+01.0328	+00.7511	0000.345
+01.0356	+00.7514	0000.346
+01.0392	+00.7508	0000.347
+01.0420	+00.7517	0000.348
+01.0450	+00.7514	0000.349
+01.0481	+00.7517	0000.350
+01.0517	+00.7517	0000.351
+01.0542	+00.7523	0000.352
+01.0572	+00.7523	0000.353
+01.0603	+00.7526	0000.354
+01.0630	+00.7529	0000.355
+01.0664	+00.7526	0000.356
+01.0691	+00.7529	0000.357
+01.0722	+00.7535	0000.358
+01.0752	+00.7538	0000.359
+01.0780	+00.7535	0000.360
+01.0814	+00.7535	0000.361
+01.0844	+00.7541	0000.362
+01.0878	+00.7541	0000.363
+01.0905	+00.7544	0000.364
+01.0933	+00.7544	0000.365
+01.0960	+00.7544	0000.366
+01.0994	+00.7547	0000.367
+01.1024	+00.7550	0000.368
+01.1049	+00.7550	0000.369
+01.1085	+00.7550	0000.370
+01.1110	+00.7553	0000.371
+01.1140	+00.7557	0000.372
+01.1177	+00.7553	0000.373
+01.1201	+00.7560	0000.374
+01.1235	+00.7560	0000.375
+01.1268	+00.7563	0000.376
+01.1293	+00.7563	0000.377
+01.1320	+00.7560	0000.378
+01.1357	+00.7566	0000.379
+01.1378	+00.7569	0000.380
+01.1409	+00.7572	0000.381
+01.1439	+00.7566	0000.382
+01.1470	+00.7572	0000.383
+01.1503	+00.7572	0000.384
+01.1537	+00.7572	0000.385
+01.1564	+00.7572	0000.386
+01.1592	+00.7581	0000.387
+01.1628	+00.7578	0000.388
+01.1659	+00.7578	0000.389
+01.1689	+00.7581	0000.390
+01.1708	+00.7584	0000.391
+01.1744	+00.7581	0000.392
+01.1778	+00.7581	0000.393
+01.1805	+00.7581	0000.394
+01.1833	+00.7575	0000.395
+01.1857	+00.7590	0000.396
+01.1891	+00.7584	0000.397
+01.1924	+00.7587	0000.398
+01.1955	+00.7593	0000.399
+01.1982	+00.7593	0000.400
+01.2013	+00.7590	0000.401
+01.2043	+00.7596	0000.402
+01.2071	+00.7596	0000.403
+01.2101	+00.7596	0000.404
+01.2132	+00.7599	0000.405
+01.2165	+00.7602	0000.406
+01.2193	+00.7599	0000.407
+01.2223	+00.7599	0000.408
+01.2251	+00.7605	0000.409
+01.2284	+00.7599	0000.410
+01.2315	+00.7602	0000.411
+01.2345	+00.7602	0000.412
+01.2376	+00.7608	0000.413
+01.2403	+00.7608	0000.414
+01.2431	+00.7611	0000.415
+01.2461	+00.7608	0000.416
+01.2492	+00.7608	0000.417
+01.2526	+00.7611	0000.418
+01.2553	+00.7611	0000.419
+01.2584	+00.7615	0000.420
+01.2611	+00.7618	0000.421
+01.2648	+00.7615	0000.422
+01.2681	+00.7615	0000.423
+01.2706	+00.7621	0000.424
+01.2736	+00.7618	0000.425
+01.2767	+00.7621	0000.426
+01.2791	+00.7618	0000.427
+01.2822	+00.7621	0000.428
+01.2855	+00.7627	0000.429
+01.2886	+00.7621	0000.430
+01.2916	+00.7624	0000.431
+01.2947	+00.7627	0000.432
+01.2971	+00.7627	0000.433
+01.3008	+00.7630	0000.434
+01.3038	+00.7627	0000.435
+01.3069	+00.7630	0000.436
+01.3102	+00.7627	0000.437
+01.3124	+00.7636	0000.438
+01.3154	+00.7630	0000.439
+01.3185	+00.7636	0000.440
+01.3218	+00.7630	0000.441
+01.3246	+00.7633	0000.442
+01.3276	+00.7636	0000.443
+01.3307	+00.7636	0000.444
+01.3334	+00.7636	0000.445
+01.3365	+00.7636	0000.446
+01.3398	+00.7642	0000.447
+01.3432	+00.7636	0000.448
+01.3453	+00.7639	0000.449
+01.3484	+00.7645	0000.450
+01.3508	+00.7642	0000.451
+01.3551	+00.7642	0000.452
+01.3578	+00.7642	0000.453
+01.3603	+00.7642	0000.454
+01.3636	+00.7645	0000.455
+01.3667	+00.7648	0000.456
+01.3697	+00.7648	0000.457
+01.3731	+00.7648	0000.458
+01.3758	+00.7651	0000.459
+01.3783	+00.7654	0000.460
+01.3816	+00.7648	0000.461
+01.3847	+00.7648	0000.462
+01.3877	+00.7654	0000.463
+01.3905	+00.7654	0000.464
+01.3935	+00.7654	0000.465
+01.3966	+00.7657	0000.466
+01.3996	+00.7654	0000.467
+01.4030	+00.7657	0000.468
+01.4054	+00.7657	0000.469
+01.4085	+00.7657	0000.470
+01.4122	+00.7657	0000.471
+01.4146	+00.7657	0000.472
+01.4170	+00.7657	0000.473
+01.4204	+00.7660	0000.474
+01.4235	+00.7660	0000.475
+01.4268	+00.7660	0000.476
+01.4299	+00.7660	0000.477
+01.4323	+00.7660	0000.478
+01.4354	+00.7660	0000.479
+01.4384	+00.7666	0000.480
+01.4418	+00.7666	0000.481
+01.4445	+00.7663	0000.482
+01.4476	+00.7669	0000.483
+01.4503	+00.7669	0000.484
+01.4534	+00.7669	0000.485
+01.4561	+00.7669	0000.486
+01.4595	+00.7672	0000.487
+01.4628	+00.7669	0000.488
+01.4659	+00.7672	0000.489
+01.4683	+00.7669	0000.490
+01.4714	+00.7676	0000.491
+01.4738	+00.7672	0000.492
+01.4778	+00.7672	0000.493
+01.4814	+00.7676	0000.494
+01.4839	+00.7679	0000.495
+01.4866	+00.7676	0000.496
+01.4900	+00.7679	0000.497
+01.4927	+00.7676	0000.498
+01.4958	+00.7679	0000.499
+01.4988	+00.7679	0000.500
+01.5016	+00.7676	0000.501
+01.5046	+00.7682	0000.502
+01.5080	+00.7682	0000.503
+01.5107	+00.7685	0000.504
+01.5141	+00.7682	0000.505
+01.5162	+00.7688	0000.506
+01.5196	+00.7682	0000.507
+01.5226	+00.7682	0000.508
+01.5257	+00.7691	0000.509
+01.5287	+00.7685	0000.510
+01.5321	+00.7688	0000.511
+01.5348	+00.7694	0000.512
+01.5376	+00.7691	0000.513
+01.5409	+00.7691	0000.514
+01.5437	+00.7688	0000.515
+01.5474	+00.7694	0000.516
+01.5501	+00.7694	0000.517
+01.5528	+00.7691	0000.518
+01.5553	+00.7694	0000.519
+01.5586	+00.7688	0000.520
+01.5614	+00.7697	0000.521
+01.5651	+00.7697	0000.522
+01.5681	+00.7694	0000.523
+01.5709	+00.7694	0000.524
+01.5739	+00.7700	0000.525
+01.5770	+00.7697	0000.526
+01.5797	+00.7700	0000.527
+01.5831	+00.7697	0000.528
+01.5855	+00.7700	0000.529
+01.5886	+00.7700	0000.530
+01.5916	+00.7700	0000.531
+01.5947	+00.7703	0000.532
+01.5977	+00.7703	0000.533
+01.6008	+00.7703	0000.534
+01.6038	+00.7703	0000.535
+01.6066	+00.7703	0000.536
+01.6099	+00.7682	0000.537
+01.6133	+00.7706	0000.538
+01.6157	+00.7706	0000.539
+01.6194	+00.7709	0000.540
+01.6218	+00.7709	0000.541
+01.6252	+00.7709	0000.542
+01.6276	+00.7712	0000.543
+01.6310	+00.7712	0000.544
+01.6334	+00.7709	0000.545
+01.6374	+00.7715	0000.546
+01.6404	+00.7712	0000.547
+01.6432	+00.7712	0000.548
+01.6462	+00.7715	0000.549
+01.6487	+00.7712	0000.550
+01.6520	+00.7718	0000.551
+01.6554	+00.7715	0000.552
+01.6581	+00.7712	0000.553
+01.6609	+00.7718	0000.554
+01.6636	+00.7718	0000.555
+01.6673	+00.7718	0000.556
+01.6700	+00.7718	0000.557
+01.6734	+00.7721	0000.558
+01.6758	+00.7724	0000.559
+01.6789	+00.7721	0000.560
+01.6819	+00.7718	0000.561
+01.6844	+00.7721	0000.562
+01.6877	+00.7727	0000.563
+01.6911	+00.7724	0000.564
+01.6944	+00.7721	0000.565
+01.6969	+00.7727	0000.566
+01.6999	+00.7724	0000.567
+01.7033	+00.7727	0000.568
+01.7057	+00.7727	0000.569
+01.7091	+00.7727	0000.570
+01.7125	+00.7724	0000.571
+01.7149	+00.7727	0000.572
+01.7183	+00.7727	0000.573
+01.7213	+00.7727	0000.574
+01.7244	+00.7730	0000.575
+01.7271	+00.7734	0000.576
+01.7302	+00.7730	0000.577
+01.7329	+00.7734	0000.578
+01.7363	+00.7734	0000.579
+01.7393	+00.7730	0000.580
+01.7421	+00.7734	0000.581
+01.7448	+00.7734	0000.582
+01.7485	+00.7734	0000.583
+01.7509	+00.7740	0000.584
+01.7537	+00.7740	0000.585
+01.7567	+00.7740	0000.586
+01.7601	+00.7734	0000.587
+01.7631	+00.7740	0000.588
+01.7662	+00.7737	0000.589
+01.7686	+00.7743	0000.590
+01.7723	+00.7743	0000.591
+01.7759	+00.7740	0000.592
+01.7781	+00.7743	0000.593
+01.7811	+00.7740	0000.594
+01.7845	+00.7740	0000.595
+01.7872	+00.7746	0000.596
+01.7903	+00.7746	0000.597
+01.7930	+00.7740	0000.598
+01.7964	+00.7743	0000.599
+01.7994	+00.7746	0000.600
+01.8022	+00.7743	0000.601
+01.8046	+00.7749	0000.602
+01.8080	+00.7749	0000.603
+01.8110	+00.7746	0000.604
+01.8144	+00.7746	0000.605
+01.8171	+00.7749	0000.606
+01.8199	+00.7749	0000.607
+01.8229	+00.7749	0000.608
+01.8263	+00.7749	0000.609
+01.8290	+00.7755	0000.610
+01.8318	+00.7752	0000.611
+01.8354	+00.7749	0000.612
+01.8382	+00.7752	0000.613
+01.8412	+00.7752	0000.614
+01.8437	+00.7755	0000.615
+01.8470	+00.7761	0000.616
+01.8504	+00.7758	0000.617
+01.8538	+00.7758	0000.618
+01.8562	+00.7755	0000.619
+01.8592	+00.7758	0000.620
+01.8626	+00.7755	0000.621
+01.8650	+00.7758	0000.622
+01.8681	+00.7761	0000.623
+01.8711	+00.7761	0000.624
+01.8742	+00.7764	0000.625
+01.8773	+00.7761	0000.626
+01.8800	+00.7764	0000.627
+01.8834	+00.7761	0000.628
+01.8864	+00.7761	0000.629
+01.8898	+00.7761	0000.630
+01.8922	+00.7764	0000.631
+01.8953	+00.7761	0000.632
+01.8983	+00.7764	0000.633
+01.9014	+00.7767	0000.634
+01.9044	+00.7767	0000.635
+01.9072	+00.7767	0000.636
+01.9099	+00.7767	0000.637
+01.9127	+00.7770	0000.638
+01.9166	+00.7767	0000.639
+01.9194	+00.7770	0000.640
+01.9227	+00.7770	0000.641
+01.9252	+00.7767	0000.642
+01.9282	+00.7773	0000.643
+01.9316	+00.7770	0000.644
+01.9340	+00.7770	0000.645
+01.9371	+00.7773	0000.646
+01.9404	+00.7770	0000.647
+01.9432	+00.7773	0000.648
+01.9462	+00.7776	0000.649
+01.9493	+00.7773	0000.650
+01.9523	+00.7773	0000.651
+01.9551	+00.7776	0000.652
+01.9584	+00.7776	0000.653
+01.9609	+00.7773	0000.654
+01.9639	+00.7776	0000.655
+01.9676	+00.7776	0000.656
+01.9706	+00.7776	0000.657
+01.9734	+00.7776	0000.658
+01.9761	+00.7776	0000.659
+01.9795	+00.7779	0000.660
+01.9822	+00.7779	0000.661
+01.9853	+00.7779	0000.662
+01.9886	+00.7782	0000.663
+01.9908	+00.7782	0000.664
+01.9941	+00.7779	0000.665
+01.9975	+00.7782	0000.666
+02.0002	+00.7782	0000.667
+02.0030	+00.7785	0000.668
+02.0060	+00.7785	0000.669
+02.0094	+00.7788	0000.670
+02.0124	+00.7785	0000.671
+02.0161	+00.7785	0000.672
+02.0179	+00.7785	0000.673
+02.0210	+00.7788	0000.674
+02.0243	+00.7788	0000.675
+02.0274	+00.7785	0000.676
+02.0304	+00.7788	0000.677
+02.0338	+00.7788	0000.678
+02.0362	+00.7788	0000.679
+02.0393	+00.7785	0000.680
+02.0427	+00.7792	0000.681
+02.0460	+00.7788	0000.682
+02.0485	+00.7788	0000.683
+02.0512	+00.7798	0000.684
+02.0543	+00.7788	0000.685
+02.0576	+00.7792	0000.686
+02.0604	+00.7795	0000.687
+02.0634	+00.7792	0000.688
+02.0668	+00.7798	0000.689
+02.0686	+00.7795	0000.690
+02.0729	+00.7795	0000.691
+02.0759	+00.7792	0000.692
+02.0787	+00.7798	0000.693
+02.0820	+00.7798	0000.694
+02.0848	+00.7804	0000.695
+02.0875	+00.7798	0000.696
+02.0900	+00.7804	0000.697
+02.0933	+00.7798	0000.698
+02.0967	+00.7798	0000.699
+02.1003	+00.7801	0000.700
+02.1025	+00.7798	0000.701
+02.1052	+00.7804	0000.702
+02.1086	+00.7801	0000.703
+02.1116	+00.7801	0000.704
+02.1144	+00.7804	0000.705
+02.1177	+00.7804	0000.706
+02.1205	+00.7804	0000.707
+02.1232	+00.7804	0000.708
+02.1266	+00.7804	0000.709
+02.1296	+00.7807	0000.710
+02.1324	+00.7807	0000.711
+02.1357	+00.7804	0000.712
+02.1385	+00.7807	0000.713
+02.1412	+00.7810	0000.714
+02.1443	+00.7807	0000.715
+02.1476	+00.7807	0000.716
+02.1507	+00.7807	0000.717
+02.1537	+00.7804	0000.718
+02.1565	+00.7810	0000.719
+02.1589	+00.7810	0000.720
+02.1629	+00.7810	0000.721
+02.1653	+00.7807	0000.722
+02.1690	+00.7813	0000.723
+02.1720	+00.7813	0000.724
+02.1745	+00.7810	0000.725
+02.1772	+00.7816	0000.726
+02.1806	+00.7813	0000.727
+02.1836	+00.7813	0000.728
+02.1867	+00.7813	0000.729
+02.1901	+00.7822	0000.730
+02.1922	+00.7819	0000.731
+02.1962	+00.7813	0000.732
+02.1986	+00.7816	0000.733
+02.2013	+00.7819	0000.734
+02.2050	+00.7816	0000.735
+02.2068	+00.7819	0000.736
+02.2102	+00.7816	0000.737
+02.2136	+00.7825	0000.738
+02.2166	+00.7819	0000.739
+02.2197	+00.7819	0000.740
+02.2221	+00.7819	0000.741
+02.2258	+00.7819	0000.742
+02.2282	+00.7822	0000.743
+02.2313	+00.7822	0000.744
+02.2346	+00.7825	0000.745
+02.2380	+00.7822	0000.746
+02.2407	+00.7822	0000.747
+02.2438	+00.7825	0000.748
+02.2468	+00.7822	0000.749
+02.2496	+00.7822	0000.750
+02.2529	+00.7825	0000.751
+02.2560	+00.7825	0000.752
+02.2590	+00.7822	0000.753
+02.2618	+00.7825	0000.754
+02.2645	+00.7825	0000.755
+02.2673	+00.7825	0000.756
+02.2703	+00.7828	0000.757
+02.2737	+00.7825	0000.758
+02.2764	+00.7828	0000.759
+02.2798	+00.7831	0000.760
+02.2831	+00.7831	0000.761
+02.2853	+00.7828	0000.762
+02.2889	+00.7831	0000.763
+02.2923	+00.7834	0000.764
+02.2950	+00.7831	0000.765
+02.2978	+00.7828	0000.766
+02.3005	+00.7834	0000.767
+02.3039	+00.7834	0000.768
+02.3069	+00.7837	0000.769
+02.3097	+00.7837	0000.770
+02.3124	+00.7831	0000.771
+02.3152	+00.7837	0000.772
+02.3191	+00.7831	0000.773
+02.3213	+00.7837	0000.774
+02.3252	+00.7831	0000.775
+02.3280	+00.7837	0000.776
+02.3307	+00.7834	0000.777
+02.3332	+00.7840	0000.778
+02.3368	+00.7837	0000.779
+02.3396	+00.7837	0000.780
+02.3420	+00.7837	0000.781
+02.3460	+00.7837	0000.782
+02.3484	+00.7837	0000.783
+02.3512	+00.7840	0000.784
+02.3545	+00.7840	0000.785
+02.3576	+00.7840	0000.786
+02.3606	+00.7840	0000.787
+02.3640	+00.7843	0000.788
+02.3674	+00.7843	0000.789
+02.3698	+00.7843	0000.790
+02.3722	+00.7840	0000.791
+02.3762	+00.7843	0000.792
+02.3787	+00.7843	0000.793
+02.3817	+00.7843	0000.794
+02.3848	+00.7843	0000.795
+02.3875	+00.7843	0000.796
+02.3906	+00.7846	0000.797
+02.3933	+00.7846	0000.798
+02.3967	+00.7843	0000.799
+02.4000	+00.7846	0000.800
+02.4031	+00.7843	0000.801
+02.4058	+00.7846	0000.802
+02.4083	+00.7846	0000.803
+02.4119	+00.7849	0000.804
+02.4147	+00.7849	0000.805
+02.4180	+00.7846	0000.806
+02.4202	+00.7849	0000.807
+02.4235	+00.7843	0000.808
+02.4263	+00.7853	0000.809
+02.4302	+00.7849	0000.810
+02.4321	+00.7849	0000.811
+02.4366	+00.7849	0000.812
+02.4391	+00.7849	0000.813
+02.4424	+00.7853	0000.814
+02.4452	+00.7853	0000.815
+02.4479	+00.7849	0000.816
+02.4507	+00.7853	0000.817
+02.4540	+00.7859	0000.818
+02.4568	+00.7859	0000.819
+02.4604	+00.7853	0000.820
+02.4635	+00.7856	0000.821
+02.4656	+00.7856	0000.822
+02.4690	+00.7859	0000.823
+02.4723	+00.7859	0000.824
+02.4748	+00.7859	0000.825
+02.4781	+00.7856	0000.826
+02.4812	+00.7862	0000.827
+02.4842	+00.7859	0000.828
+02.4867	+00.7859	0000.829
+02.4903	+00.7859	0000.830
+02.4925	+00.7859	0000.831
+02.4958	+00.7859	0000.832
+02.4986	+00.7862	0000.833
+02.5023	+00.7862	0000.834
+02.5047	+00.7862	0000.835
+02.5077	+00.7856	0000.836
+02.5108	+00.7859	0000.837
+02.5145	+00.7859	0000.838
+02.5172	+00.7868	0000.839
+02.5200	+00.7865	0000.840
+02.5236	+00.7862	0000.841
+02.5267	+00.7862	0000.842
+02.5285	+00.7865	0000.843
+02.5322	+00.7868	0000.844
+02.5352	+00.7865	0000.845
+02.5380	+00.7865	0000.846
+02.5413	+00.7871	0000.847
+02.5444	+00.7865	0000.848
+02.5471	+00.7865	0000.849
+02.5499	+00.7871	0000.850
+02.5538	+00.7868	0000.851
+02.5560	+00.7868	0000.852
+02.5596	+00.7868	0000.853
+02.5618	+00.7871	0000.854
+02.5645	+00.7874	0000.855
+02.5685	+00.7868	0000.856
+02.5718	+00.7871	0000.857
+02.5743	+00.7874	0000.858
+02.5767	+00.7868	0000.859
+02.5798	+00.7871	0000.860
+02.5828	+00.7874	0000.861
+02.5865	+00.7874	0000.862
+02.5889	+00.7871	0000.863
+02.5920	+00.7877	0000.864
+02.5953	+00.7874	0000.865
+02.5978	+00.7874	0000.866
+02.6017	+00.7871	0000.867
+02.6042	+00.7874	0000.868
+02.6072	+00.7880	0000.869
+02.6103	+00.7877	0000.870
+02.6133	+00.7874	0000.871
+02.6167	+00.7877	0000.872
+02.6188	+00.7877	0000.873
+02.6222	+00.7874	0000.874
+02.6255	+00.7877	0000.875
+02.6280	+00.7880	0000.876
+02.6313	+00.7880	0000.877
+02.6341	+00.7877	0000.878
+02.6371	+00.7880	0000.879
+02.6399	+00.7880	0000.880
+02.6432	+00.7880	0000.881
+02.6463	+00.7880	0000.882
+02.6493	+00.7883	0000.883
+02.6524	+00.7880	0000.884
+02.6551	+00.7883	0000.885
+02.6585	+00.7880	0000.886
+02.6609	+00.7892	0000.887
+02.6643	+00.7883	0000.888
+02.6677	+00.7886	0000.889
+02.6704	+00.7886	0000.890
+02.6731	+00.7883	0000.891
+02.6768	+00.7886	0000.892
+02.6796	+00.7883	0000.893
+02.6829	+00.7886	0000.894
+02.6854	+00.7886	0000.895
+02.6878	+00.7886	0000.896
+02.6915	+00.7883	0000.897
+02.6939	+00.7889	0000.898
+02.6976	+00.7889	0000.899
+02.7003	+00.7886	0000.900
+02.7031	+00.7889	0000.901
+02.7058	+00.7889	0000.902
+02.7095	+00.7886	0000.903
+02.7125	+00.7889	0000.904
+02.7156	+00.7892	0000.905
+02.7183	+00.7889	0000.906
+02.7214	+00.7892	0000.907
+02.7247	+00.7889	0000.908
+02.7275	+00.7892	0000.909
+02.7305	+00.7892	0000.910
+02.7333	+00.7892	0000.911
+02.7366	+00.7892	0000.912
+02.7391	+00.7892	0000.913
+02.7424	+00.7892	0000.914
+02.7452	+00.7892	0000.915
+02.7482	+00.7895	0000.916
+02.7513	+00.7895	0000.917
+02.7546	+00.7895	0000.918
+02.7571	+00.7895	0000.919
+02.7601	+00.7898	0000.920
+02.7635	+00.7895	0000.921
+02.7665	+00.7895	0000.922
+02.7693	+00.7895	0000.923
+02.7723	+00.7898	0000.924
+02.7754	+00.7895	0000.925
+02.7787	+00.7898	0000.926
+02.7815	+00.7901	0000.927
+02.7842	+00.7901	0000.928
+02.7879	+00.7901	0000.929
+02.7903	+00.7901	0000.930
+02.7934	+00.7898	0000.931
+02.7958	+00.7898	0000.932
+02.7995	+00.7898	0000.933
+02.8022	+00.7901	0000.934
+02.8050	+00.7898	0000.935
+02.8083	+00.7901	0000.936
+02.8114	+00.7895	0000.937
+02.8141	+00.7904	0000.938
+02.8178	+00.7904	0000.939
+02.8212	+00.7901	0000.940
+02.8239	+00.7904	0000.941
+02.8263	+00.7904	0000.942
+02.8297	+00.7904	0000.943
+02.8325	+00.7901	0000.944
+02.8355	+00.7904	0000.945
+02.8386	+00.7901	0000.946
+02.8413	+00.7904	0000.947
+02.8450	+00.7907	0000.948
+02.8477	+00.7904	0000.949
+02.8508	+00.7904	0000.950
+02.8535	+00.7904	0000.951
+02.8563	+00.7904	0000.952
+02.8596	+00.7907	0000.953
+02.8627	+00.7907	0000.954
+02.8654	+00.7911	0000.955
+02.8685	+00.7907	0000.956
+02.8712	+00.7907	0000.957
+02.8746	+00.7907	0000.958
+02.8779	+00.7911	0000.959
+02.8804	+00.7911	0000.960
+02.8837	+00.7911	0000.961
+02.8865	+00.7911	0000.962
+02.8892	+00.7907	0000.963
+02.8926	+00.7911	0000.964
+02.8962	+00.7914	0000.965
+02.8990	+00.7911	0000.966
+02.9014	+00.7914	0000.967
+02.9045	+00.7914	0000.968
+02.9078	+00.7911	0000.969
+02.9106	+00.7914	0000.970
+02.9139	+00.7917	0000.971
+02.9164	+00.7914	0000.972
+02.9197	+00.7917	0000.973
+02.9228	+00.7914	0000.974
+02.9261	+00.7917	0000.975
+02.9295	+00.7917	0000.976
+02.9319	+00.7914	0000.977
+02.9347	+00.7917	0000.978
+02.9377	+00.7917	0000.979
+02.9408	+00.7917	0000.980
+02.9441	+00.7914	0000.981
+02.9472	+00.7917	0000.982
+02.9490	+00.7920	0000.983
+02.9524	+00.7923	0000.984
+02.9551	+00.7917	0000.985
+02.9582	+00.7920	0000.986
+02.9618	+00.7923	0000.987
+02.9649	+00.7914	0000.988
+02.9676	+00.7920	0000.989
+02.9707	+00.7923	0000.990
+02.9734	+00.7917	0000.991
+02.9771	+00.7920	0000.992
+02.9795	+00.7920	0000.993
+02.9826	+00.7923	0000.994
+02.9856	+00.7920	0000.995
+02.9890	+00.7923	0000.996
+02.9918	+00.7920	0000.997
+02.9948	+00.7923	0000.998
+02.9972	+00.7923	0000.999
+03.0015	+00.7926	0001.000
+03.0043	+00.7926	0001.001
+03.0012	+00.7926	0001.002
+02.9979	+00.7926	0001.003
+02.9954	+00.7926	0001.004
+02.9924	+00.7923	0001.005
+02.9890	+00.7926	0001.006
+02.9860	+00.7923	0001.007
+02.9832	+00.7923	0001.008
+02.9799	+00.7923	0001.009
+02.9771	+00.7920	0001.010
+02.9737	+00.7923	0001.011
+02.9707	+00.7923	0001.012
+02.9689	+00.7923	0001.013
+02.9652	+00.7923	0001.014
+02.9621	+00.7926	0001.015
+02.9588	+00.7923	0001.016
+02.9567	+00.7923	0001.017
+02.9533	+00.7929	0001.018
+02.9502	+00.7920	0001.019
+02.9478	+00.7926	0001.020
+02.9448	+00.7929	0001.021
+02.9408	+00.7929	0001.022
+02.9387	+00.7923	0001.023
+02.9347	+00.7926	0001.024
+02.9329	+00.7932	0001.025
+02.9295	+00.7929	0001.026
+02.9261	+00.7926	0001.027
+02.9225	+00.7914	0001.028
+02.9203	+00.7929	0001.029
+02.9173	+00.7923	0001.030
+02.9139	+00.7926	0001.031
+02.9115	+00.7926	0001.032
+02.9081	+00.7926	0001.033
+02.9051	+00.7929	0001.034
+02.9017	+00.7926	0001.035
+02.8990	+00.7926	0001.036
+02.8962	+00.7929	0001.037
+02.8932	+00.7926	0001.038
+02.8901	+00.7926	0001.039
+02.8868	+00.7926	0001.040
+02.8837	+00.7926	0001.041
+02.8810	+00.7929	0001.042
+02.8776	+00.7929	0001.043
+02.8749	+00.7926	0001.044
+02.8718	+00.7923	0001.045
+02.8691	+00.7923	0001.046
+02.8663	+00.7923	0001.047
+02.8630	+00.7923	0001.048
+02.8605	+00.7923	0001.049
+02.8566	+00.7926	0001.050
+02.8538	+00.7923	0001.051
+02.8511	+00.7917	0001.052
+02.8480	+00.7926	0001.053
+02.8450	+00.7923	0001.054
+02.8416	+00.7929	0001.055
+02.8392	+00.7926	0001.056
+02.8355	+00.7926	0001.057
+02.8331	+00.7926	0001.058
+02.8300	+00.7926	0001.059
+02.8270	+00.7923	0001.060
+02.8242	+00.7929	0001.061
+02.8209	+00.7920	0001.062
+02.8184	+00.7923	0001.063
+02.8151	+00.7923	0001.064
+02.8114	+00.7926	0001.065
+02.8093	+00.7920	0001.066
+02.8059	+00.7926	0001.067
+02.8025	+00.7923	0001.068
+02.7995	+00.7923	0001.069
+02.7970	+00.7923	0001.070
+02.7934	+00.7920	0001.071
+02.7906	+00.7926	0001.072
+02.7879	+00.7926	0001.073
+02.7851	+00.7923	0001.074
+02.7818	+00.7926	0001.075
+02.7787	+00.7926	0001.076
+02.7754	+00.7923	0001.077
+02.7726	+00.7917	0001.078
+02.7696	+00.7920	0001.079
+02.7671	+00.7923	0001.080
+02.7632	+00.7923	0001.081
+02.7610	+00.7920	0001.082
+02.7571	+00.7920	0001.083
+02.7555	+00.7926	0001.084
+02.7519	+00.7923	0001.085
+02.7488	+00.7920	0001.086
+02.7461	+00.7920	0001.087
+02.7424	+00.7923	0001.088
+02.7400	+00.7923	0001.089
+02.7366	+00.7923	0001.090
+02.7336	+00.7923	0001.091
+02.7308	+00.7923	0001.092
+02.7275	+00.7920	0001.093
+02.7244	+00.7920	0001.094
+02.7214	+00.7923	0001.095
+02.7189	+00.7917	0001.096
+02.7153	+00.7923	0001.097
+02.7125	+00.7926	0001.098
+02.7092	+00.7923	0001.099
+02.7061	+00.7920	0001.100
+02.7034	+00.7920	0001.101
+02.7003	+00.7920	0001.102
+02.6976	+00.7923	0001.103
+02.6945	+00.7914	0001.104
+02.6915	+00.7923	0001.105
+02.6887	+00.7920	0001.106
+02.6863	+00.7920	0001.107
+02.6826	+00.7920	0001.108
+02.6796	+00.7923	0001.109
+02.6762	+00.7920	0001.110
+02.6731	+00.7923	0001.111
+02.6707	+00.7917	0001.112
+02.6670	+00.7920	0001.113
+02.6646	+00.7920	0001.114
+02.6616	+00.7917	0001.115
+02.6585	+00.7920	0001.116
+02.6548	+00.7920	0001.117
+02.6530	+00.7920	0001.118
+02.6500	+00.7923	0001.119
+02.6469	+00.7914	0001.120
+02.6435	+00.7920	0001.121
+02.6402	+00.7920	0001.122
+02.6371	+00.7917	0001.123
+02.6338	+00.7923	0001.124
+02.6319	+00.7920	0001.125
+02.6289	+00.7920	0001.126
+02.6249	+00.7917	0001.127
+02.6219	+00.7920	0001.128
+02.6194	+00.7920	0001.129
+02.6161	+00.7920	0001.130
+02.6139	+00.7920	0001.131
+02.6106	+00.7917	0001.132
+02.6072	+00.7914	0001.133
+02.6042	+00.7920	0001.134
+02.6014	+00.7920	0001.135
+02.5987	+00.7914	0001.136
+02.5953	+00.7917	0001.137
+02.5926	+00.7914	0001.138
+02.5895	+00.7920	0001.139
+02.5862	+00.7917	0001.140
+02.5837	+00.7917	0001.141
+02.5804	+00.7917	0001.142
+02.5773	+00.7917	0001.143
+02.5746	+00.7920	0001.144
+02.5715	+00.7920	0001.145
+02.5685	+00.7917	0001.146
+02.5654	+00.7920	0001.147
+02.5624	+00.7914	0001.148
+02.5593	+00.7914	0001.149
+02.5572	+00.7917	0001.150
+02.5535	+00.7914	0001.151
+02.5505	+00.7917	0001.152
+02.5471	+00.7917	0001.153
+02.5453	+00.7920	0001.154
+02.5413	+00.7917	0001.155
+02.5383	+00.7911	0001.156
+02.5355	+00.7914	0001.157
+02.5322	+00.7917	0001.158
+02.5294	+00.7917	0001.159
+02.5267	+00.7914	0001.160
+02.5233	+00.7914	0001.161
+02.5206	+00.7914	0001.162
+02.5172	+00.7917	0001.163
+02.5142	+00.7911	0001.164
+02.5114	+00.7914	0001.165
+02.5087	+00.7920	0001.166
+02.5047	+00.7911	0001.167
+02.5029	+00.7914	0001.168
+02.4989	+00.7914	0001.169
+02.4958	+00.7917	0001.170
+02.4925	+00.7907	0001.171
+02.4903	+00.7917	0001.172
+02.4882	+00.7911	0001.173
+02.4842	+00.7917	0001.174
+02.4812	+00.7911	0001.175
+02.4784	+00.7911	0001.176
+02.4751	+00.7911	0001.177
+02.4723	+00.7911	0001.178
+02.4690	+00.7914	0001.179
+02.4662	+00.7914	0001.180
+02.4632	+00.7914	0001.181
+02.4601	+00.7907	0001.182
+02.4577	+00.7914	0001.183
+02.4546	+00.7914	0001.184
+02.4507	+00.7914	0001.185
+02.4485	+00.7911	0001.186
+02.4455	+00.7914	0001.187
+02.4421	+00.7914	0001.188
+02.4391	+00.7911	0001.189
+02.4360	+00.7911	0001.190
+02.4336	+00.7914	0001.191
+02.4302	+00.7914	0001.192
+02.4266	+00.7911	0001.193
+02.4238	+00.7914	0001.194
+02.4208	+00.7911	0001.195
+02.4186	+00.7911	0001.196
+02.4150	+00.7907	0001.197
+02.4122	+00.7914	0001.198
+02.4089	+00.7911	0001.199
+02.4061	+00.7911	0001.200
+02.4031	+00.7911	0001.201
+02.4000	+00.7907	0001.202
+02.3973	+00.7907	0001.203
+02.3939	+00.7911	0001.204
+02.3915	+00.7907	0001.205
+02.3878	+00.7914	0001.206
+02.3857	+00.7911	0001.207
+02.3826	+00.7907	0001.208
+02.3793	+00.7911	0001.209
+02.3762	+00.7911	0001.210
+02.3729	+00.7904	0001.211
+02.3701	+00.7907	0001.212
+02.3674	+00.7907	0001.213
+02.3637	+00.7911	0001.214
+02.3613	+00.7907	0001.215
+02.3579	+00.7911	0001.216
+02.3545	+00.7904	0001.217
+02.3515	+00.7911	0001.218
+02.3491	+00.7904	0001.219
+02.3463	+00.7907	0001.220
+02.3433	+00.7901	0001.221
+02.3402	+00.7911	0001.222
+02.3368	+00.7904	0001.223
+02.3338	+00.7907	0001.224
+02.3307	+00.7907	0001.225
+02.3283	+00.7907	0001.226
+02.3256	+00.7904	0001.227
+02.3222	+00.7907	0001.228
+02.3185	+00.7901	0001.229
+02.3158	+00.7907	0001.230
+02.3133	+00.7904	0001.231
+02.3103	+00.7904	0001.232
+02.3075	+00.7907	0001.233
+02.3036	+00.7904	0001.234
+02.3008	+00.7907	0001.235
+02.2975	+00.7911	0001.236
+02.2953	+00.7907	0001.237
+02.2923	+00.7901	0001.238
+02.2889	+00.7911	0001.239
+02.2862	+00.7901	0001.240
+02.2831	+00.7904	0001.241
+02.2795	+00.7904	0001.242
+02.2773	+00.7904	0001.243
+02.2737	+00.7904	0001.244
+02.2712	+00.7904	0001.245
+02.2679	+00.7904	0001.246
+02.2651	+00.7904	0001.247
+02.2618	+00.7901	0001.248
+02.2593	+00.7904	0001.249
+02.2557	+00.7901	0001.250
+02.2523	+00.7904	0001.251
+02.2499	+00.7901	0001.252
+02.2468	+00.7904	0001.253
+02.2441	+00.7901	0001.254
+02.2410	+00.7904	0001.255
+02.2377	+00.7901	0001.256
+02.2352	+00.7907	0001.257
+02.2322	+00.7901	0001.258
+02.2291	+00.7901	0001.259
+02.2258	+00.7901	0001.260
+02.2230	+00.7901	0001.261
+02.2203	+00.7901	0001.262
+02.2166	+00.7901	0001.263
+02.2136	+00.7901	0001.264
+02.2105	+00.7904	0001.265
+02.2078	+00.7901	0001.266
+02.2047	+00.7907	0001.267
+02.2020	+00.7901	0001.268
+02.1986	+00.7901	0001.269
+02.1962	+00.7901	0001.270
+02.1925	+00.7901	0001.271
+02.1904	+00.7904	0001.272
+02.1873	+00.7901	0001.273
+02.1840	+00.7901	0001.274
+02.1818	+00.7901	0001.275
+02.1778	+00.7898	0001.276
+02.1748	+00.7904	0001.277
+02.1717	+00.7904	0001.278
+02.1690	+00.7901	0001.279
+02.1659	+00.7901	0001.280
+02.1629	+00.7898	0001.281
+02.1595	+00.7901	0001.282
+02.1565	+00.7895	0001.283
+02.1540	+00.7895	0001.284
+02.1504	+00.7901	0001.285
+02.1479	+00.7901	0001.286
+02.1452	+00.7895	0001.287
+02.1421	+00.7898	0001.288
+02.1385	+00.7895	0001.289
+02.1357	+00.7901	0001.290
+02.1333	+00.7901	0001.291
+02.1299	+00.7898	0001.292
+02.1269	+00.7895	0001.293
+02.1232	+00.7901	0001.294
+02.1202	+00.7895	0001.295
+02.1180	+00.7898	0001.296
+02.1150	+00.7901	0001.297
+02.1119	+00.7889	0001.298
+02.1092	+00.7895	0001.299
+02.1055	+00.7895	0001.300
+02.1028	+00.7898	0001.301
+02.0997	+00.7895	0001.302
+02.0967	+00.7898	0001.303
+02.0942	+00.7895	0001.304
+02.0903	+00.7895	0001.305
+02.0872	+00.7898	0001.306
+02.0851	+00.7898	0001.307
+02.0817	+00.7895	0001.308
+02.0784	+00.7895	0001.309
+02.0753	+00.7895	0001.310
+02.0726	+00.7895	0001.311
+02.0692	+00.7898	0001.312
+02.0668	+00.7895	0001.313
+02.0637	+00.7898	0001.314
+02.0607	+00.7895	0001.315
+02.0579	+00.7889	0001.316
+02.0549	+00.7895	0001.317
+02.0512	+00.7895	0001.318
+02.0481	+00.7895	0001.319
+02.0460	+00.7898	0001.320
+02.0427	+00.7892	0001.321
+02.0396	+00.7892	0001.322
+02.0369	+00.7892	0001.323
+02.0335	+00.7892	0001.324
+02.0311	+00.7895	0001.325
+02.0277	+00.7892	0001.326
+02.0250	+00.7889	0001.327
+02.0213	+00.7895	0001.328
+02.0182	+00.7892	0001.329
+02.0158	+00.7892	0001.330
+02.0124	+00.7892	0001.331
+02.0097	+00.7895	0001.332
+02.0063	+00.7892	0001.333
+02.0036	+00.7889	0001.334
+02.0008	+00.7892	0001.335
+01.9978	+00.7892	0001.336
+01.9950	+00.7892	0001.337
+01.9920	+00.7889	0001.338
+01.9886	+00.7892	0001.339
+01.9859	+00.7889	0001.340
+01.9825	+00.7889	0001.341
+01.9798	+00.7892	0001.342
+01.9764	+00.7889	0001.343
+01.9740	+00.7889	0001.344
+01.9706	+00.7892	0001.345
+01.9673	+00.7892	0001.346
+01.9648	+00.7889	0001.347
+01.9612	+00.7889	0001.348
+01.9584	+00.7892	0001.349
+01.9557	+00.7889	0001.350
+01.9526	+00.7892	0001.351
+01.9496	+00.7892	0001.352
+01.9468	+00.7886	0001.353
+01.9435	+00.7886	0001.354
+01.9404	+00.7889	0001.355
+01.9377	+00.7889	0001.356
+01.9346	+00.7889	0001.357
+01.9313	+00.7889	0001.358
+01.9285	+00.7886	0001.359
+01.9258	+00.7886	0001.360
+01.9227	+00.7886	0001.361
+01.9197	+00.7886	0001.362
+01.9172	+00.7889	0001.363
+01.9136	+00.7883	0001.364
+01.9105	+00.7889	0001.365
+01.9078	+00.7889	0001.366
+01.9047	+00.7889	0001.367
+01.9014	+00.7889	0001.368
+01.8983	+00.7889	0001.369
+01.8953	+00.7889	0001.370
+01.8928	+00.7886	0001.371
+01.8898	+00.7880	0001.372
+01.8867	+00.7886	0001.373
+01.8837	+00.7889	0001.374
+01.8803	+00.7886	0001.375
+01.8769	+00.7889	0001.376
+01.8742	+00.7886	0001.377
+01.8715	+00.7889	0001.378
+01.8687	+00.7883	0001.379
+01.8653	+00.7886	0001.380
+01.8626	+00.7883	0001.381
+01.8599	+00.7886	0001.382
+01.8562	+00.7886	0001.383
+01.8534	+00.7883	0001.384
+01.8504	+00.7883	0001.385
+01.8473	+00.7886	0001.386
+01.8443	+00.7883	0001.387
+01.8415	+00.7886	0001.388
+01.8385	+00.7886	0001.389
+01.8361	+00.7883	0001.390
+01.8327	+00.7886	0001.391
+01.8296	+00.7880	0001.392
+01.8263	+00.7883	0001.393
+01.8235	+00.7883	0001.394
+01.8202	+00.7883	0001.395
+01.8174	+00.7886	0001.396
+01.8144	+00.7880	0001.397
+01.8113	+00.7883	0001.398
+01.8086	+00.7883	0001.399
+01.8052	+00.7883	0001.400
+01.8028	+00.7880	0001.401
+01.8000	+00.7883	0001.402
+01.7964	+00.7883	0001.403
+01.7927	+00.7880	0001.404
+01.7903	+00.7880	0001.405
+01.7875	+00.7883	0001.406
+01.7845	+00.7880	0001.407
+01.7814	+00.7880	0001.408
+01.7784	+00.7883	0001.409
+01.7756	+00.7883	0001.410
+01.7723	+00.7883	0001.411
+01.7695	+00.7883	0001.412
+01.7662	+00.7880	0001.413
+01.7637	+00.7877	0001.414
+01.7607	+00.7883	0001.415
+01.7570	+00.7883	0001.416
+01.7546	+00.7877	0001.417
+01.7518	+00.7883	0001.418
+01.7479	+00.7880	0001.419
+01.7454	+00.7883	0001.420
+01.7424	+00.7880	0001.421
+01.7399	+00.7877	0001.422
+01.7363	+00.7883	0001.423
+01.7335	+00.7877	0001.424
+01.7302	+00.7877	0001.425
+01.7277	+00.7877	0001.426
+01.7244	+00.7877	0001.427
+01.7216	+00.7880	0001.428
+01.7183	+00.7877	0001.429
+01.7155	+00.7877	0001.430
+01.7128	+00.7880	0001.431
+01.7097	+00.7874	0001.432
+01.7060	+00.7877	0001.433
+01.7033	+00.7877	0001.434
+01.7002	+00.7877	0001.435
+01.6972	+00.7880	0001.436
+01.6941	+00.7874	0001.437
+01.6920	+00.7883	0001.438
+01.6887	+00.7877	0001.439
+01.6850	+00.7877	0001.440
+01.6819	+00.7874	0001.441
+01.6792	+00.7880	0001.442
+01.6767	+00.7874	0001.443
+01.6740	+00.7874	0001.444
+01.6700	+00.7877	0001.445
+01.6673	+00.7877	0001.446
+01.6642	+00.7874	0001.447
+01.6612	+00.7868	0001.448
+01.6584	+00.7874	0001.449
+01.6551	+00.7874	0001.450
+01.6520	+00.7874	0001.451
+01.6493	+00.7871	0001.452
+01.6462	+00.7874	0001.453
+01.6438	+00.7874	0001.454
+01.6407	+00.7874	0001.455
+01.6374	+00.7871	0001.456
+01.6343	+00.7871	0001.457
+01.6310	+00.7868	0001.458
+01.6285	+00.7877	0001.459
+01.6252	+00.7874	0001.460
+01.6224	+00.7874	0001.461
+01.6194	+00.7874	0001.462
+01.6160	+00.7868	0001.463
+01.6130	+00.7874	0001.464
+01.6102	+00.7868	0001.465
+01.6075	+00.7871	0001.466
+01.6047	+00.7874	0001.467
+01.6020	+00.7868	0001.468
+01.5983	+00.7871	0001.469
+01.5950	+00.7871	0001.470
+01.5922	+00.7871	0001.471
+01.5895	+00.7874	0001.472
+01.5861	+00.7868	0001.473
+01.5837	+00.7865	0001.474
+01.5797	+00.7871	0001.475
+01.5773	+00.7871	0001.476
+01.5742	+00.7868	0001.477
+01.5709	+00.7871	0001.478
+01.5681	+00.7871	0001.479
+01.5654	+00.7868	0001.480
+01.5623	+00.7868	0001.481
+01.5590	+00.7868	0001.482
+01.5562	+00.7868	0001.483
+01.5532	+00.7871	0001.484
+01.5504	+00.7871	0001.485
+01.5470	+00.7868	0001.486
+01.5440	+00.7865	0001.487
+01.5413	+00.7871	0001.488
+01.5373	+00.7868	0001.489
+01.5355	+00.7865	0001.490
+01.5318	+00.7868	0001.491
+01.5293	+00.7865	0001.492
+01.5260	+00.7868	0001.493
+01.5226	+00.7865	0001.494
+01.5199	+00.7865	0001.495
+01.5171	+00.7865	0001.496
+01.5141	+00.7862	0001.497
+01.5113	+00.7865	0001.498
+01.5080	+00.7868	0001.499
+01.5046	+00.7868	0001.500
+01.5019	+00.7865	0001.501
+01.4991	+00.7865	0001.502
+01.4961	+00.7865	0001.503
+01.4927	+00.7865	0001.504
+01.4900	+00.7865	0001.505
+01.4872	+00.7871	0001.506
+01.4842	+00.7865	0001.507
+01.4817	+00.7865	0001.508
+01.4778	+00.7868	0001.509
+01.4744	+00.7862	0001.510
+01.4714	+00.7862	0001.511
+01.4692	+00.7862	0001.512
+01.4659	+00.7862	0001.513
+01.4628	+00.7859	0001.514
+01.4595	+00.7865	0001.515
+01.4567	+00.7862	0001.516
+01.4540	+00.7862	0001.517
+01.4509	+00.7862	0001.518
+01.4485	+00.7865	0001.519
+01.4451	+00.7865	0001.520
+01.4421	+00.7862	0001.521
+01.4387	+00.7865	0001.522
+01.4357	+00.7859	0001.523
+01.4329	+00.7862	0001.524
+01.4302	+00.7859	0001.525
+01.4271	+00.7862	0001.526
+01.4241	+00.7859	0001.527
+01.4213	+00.7856	0001.528
+01.4177	+00.7859	0001.529
+01.4146	+00.7862	0001.530
+01.4122	+00.7859	0001.531
+01.4088	+00.7859	0001.532
+01.4061	+00.7862	0001.533
+01.4027	+00.7862	0001.534
+01.3996	+00.7856	0001.535
+01.3966	+00.7859	0001.536
+01.3939	+00.7856	0001.537
+01.3914	+00.7856	0001.538
+01.3877	+00.7856	0001.539
+01.3847	+00.7853	0001.540
+01.3813	+00.7856	0001.541
+01.3792	+00.7856	0001.542
+01.3762	+00.7853	0001.543
+01.3728	+00.7859	0001.544
+01.3697	+00.7859	0001.545
+01.3670	+00.7859	0001.546
+01.3639	+00.7856	0001.547
+01.3603	+00.7853	0001.548
+01.3578	+00.7853	0001.549
+01.3551	+00.7856	0001.550
+01.3520	+00.7853	0001.551
+01.3487	+00.7856	0001.552
+01.3462	+00.7853	0001.553
+01.3429	+00.7856	0001.554
+01.3398	+00.7853	0001.555
+01.3368	+00.7859	0001.556
+01.3343	+00.7853	0001.557
+01.3310	+00.7853	0001.558
+01.3279	+00.7849	0001.559
+01.3249	+00.7853	0001.560
+01.3218	+00.7853	0001.561
+01.3188	+00.7853	0001.562
+01.3157	+00.7853	0001.563
+01.3127	+00.7853	0001.564
+01.3096	+00.7856	0001.565
+01.3072	+00.7849	0001.566
+01.3035	+00.7849	0001.567
+01.3011	+00.7849	0001.568
+01.2980	+00.7853	0001.569
+01.2947	+00.7849	0001.570
+01.2919	+00.7853	0001.571
+01.2892	+00.7849	0001.572
+01.2855	+00.7849	0001.573
+01.2828	+00.7849	0001.574
+01.2797	+00.7846	0001.575
+01.2767	+00.7849	0001.576
+01.2733	+00.7849	0001.577
+01.2709	+00.7853	0001.578
+01.2681	+00.7853	0001.579
+01.2645	+00.7846	0001.580
+01.2617	+00.7846	0001.581
+01.2584	+00.7849	0001.582
+01.2553	+00.7846	0001.583
+01.2532	+00.7849	0001.584
+01.2495	+00.7849	0001.585
+01.2468	+00.7846	0001.586
+01.2440	+00.7846	0001.587
+01.2410	+00.7846	0001.588
+01.2382	+00.7846	0001.589
+01.2349	+00.7846	0001.590
+01.2315	+00.7846	0001.591
+01.2288	+00.7843	0001.592
+01.2260	+00.7846	0001.593
+01.2226	+00.7846	0001.594
+01.2196	+00.7846	0001.595
+01.2168	+00.7843	0001.596
+01.2138	+00.7846	0001.597
+01.2107	+00.7840	0001.598
+01.2077	+00.7846	0001.599
+01.2046	+00.7846	0001.600
+01.2013	+00.7843	0001.601
+01.1985	+00.7843	0001.602
+01.1952	+00.7840	0001.603
+01.1927	+00.7846	0001.604
+01.1894	+00.7843	0001.605
+01.1866	+00.7843	0001.606
+01.1833	+00.7840	0001.607
+01.1808	+00.7846	0001.608
+01.1778	+00.7846	0001.609
+01.1744	+00.7843	0001.610
+01.1720	+00.7837	0001.611
+01.1683	+00.7846	0001.612
+01.1662	+00.7843	0001.613
+01.1628	+00.7843	0001.614
+01.1595	+00.7840	0001.615
+01.1564	+00.7840	0001.616
+01.1537	+00.7843	0001.617
+01.1503	+00.7840	0001.618
+01.1476	+00.7840	0001.619
+01.1454	+00.7840	0001.620
+01.1412	+00.7840	0001.621
+01.1387	+00.7837	0001.622
+01.1354	+00.7840	0001.623
+01.1326	+00.7837	0001.624
+01.1293	+00.7840	0001.625
+01.1268	+00.7840	0001.626
+01.1232	+00.7837	0001.627
+01.1198	+00.7837	0001.628
+01.1177	+00.7840	0001.629
+01.1143	+00.7837	0001.630
+01.1113	+00.7834	0001.631
+01.1085	+00.7837	0001.632
+01.1061	+00.7837	0001.633
+01.1021	+00.7837	0001.634
+01.0994	+00.7837	0001.635
+01.0966	+00.7837	0001.636
+01.0933	+00.7837	0001.637
+01.0911	+00.7834	0001.638
+01.0878	+00.7834	0001.639
+01.0847	+00.7834	0001.640
+01.0814	+00.7834	0001.641
+01.0783	+00.7834	0001.642
+01.0759	+00.7834	0001.643
+01.0725	+00.7831	0001.644
+01.0691	+00.7834	0001.645
+01.0661	+00.7834	0001.646
+01.0633	+00.7840	0001.647
+01.0606	+00.7834	0001.648
+01.0572	+00.7831	0001.649
+01.0545	+00.7834	0001.650
+01.0514	+00.7831	0001.651
+01.0481	+00.7834	0001.652
+01.0450	+00.7837	0001.653
+01.0426	+00.7834	0001.654
+01.0392	+00.7831	0001.655
+01.0362	+00.7828	0001.656
+01.0334	+00.7834	0001.657
+01.0307	+00.7831	0001.658
+01.0276	+00.7828	0001.659
+01.0246	+00.7828	0001.660
+01.0215	+00.7831	0001.661
+01.0188	+00.7831	0001.662
+01.0157	+00.7828	0001.663
+01.0121	+00.7831	0001.664
+01.0093	+00.7831	0001.665
+01.0069	+00.7828	0001.666
+01.0035	+00.7828	0001.667
+01.0011	+00.7825	0001.668
+00.9977	+00.7825	0001.669
+00.9944	+00.7828	0001.670
+00.9910	+00.7828	0001.671
+00.9886	+00.7825	0001.672
+00.9858	+00.7831	0001.673
+00.9822	+00.7828	0001.674
+00.9791	+00.7828	0001.675
+00.9761	+00.7828	0001.676
+00.9733	+00.7822	0001.677
+00.9703	+00.7825	0001.678
+00.9678	+00.7825	0001.679
+00.9645	+00.7825	0001.680
+00.9614	+00.7828	0001.681
+00.9581	+00.7828	0001.682
+00.9550	+00.7825	0001.683
+00.9526	+00.7825	0001.684
+00.9495	+00.7825	0001.685
+00.9462	+00.7828	0001.686
+00.9434	+00.7822	0001.687
+00.9404	+00.7822	0001.688
+00.9370	+00.7822	0001.689
+00.9343	+00.7825	0001.690
+00.9315	+00.7825	0001.691
+00.9282	+00.7822	0001.692
+00.9254	+00.7822	0001.693
+00.9224	+00.7822	0001.694
+00.9193	+00.7822	0001.695
+00.9166	+00.7825	0001.696
+00.9135	+00.7819	0001.697
+00.9108	+00.7822	0001.698
+00.9068	+00.7822	0001.699
+00.9037	+00.7822	0001.700
+00.9013	+00.7819	0001.701
+00.8982	+00.7819	0001.702
+00.8949	+00.7816	0001.703
+00.8921	+00.7819	0001.704
+00.8891	+00.7816	0001.705
+00.8857	+00.7822	0001.706
+00.8836	+00.7822	0001.707
+00.8802	+00.7819	0001.708
+00.8775	+00.7816	0001.709
+00.8741	+00.7819	0001.710
+00.8708	+00.7816	0001.711
+00.8683	+00.7813	0001.712
+00.8650	+00.7816	0001.713
+00.8625	+00.7819	0001.714
+00.8592	+00.7816	0001.715
+00.8564	+00.7810	0001.716
+00.8528	+00.7816	0001.717
+00.8503	+00.7819	0001.718
+00.8476	+00.7816	0001.719
+00.8439	+00.7816	0001.720
+00.8409	+00.7816	0001.721
+00.8381	+00.7816	0001.722
+00.8351	+00.7816	0001.723
+00.8317	+00.7813	0001.724
+00.8290	+00.7816	0001.725
+00.8262	+00.7813	0001.726
+00.8226	+00.7813	0001.727
+00.8198	+00.7810	0001.728
+00.8171	+00.7813	0001.729
+00.8137	+00.7813	0001.730
+00.8113	+00.7813	0001.731
+00.8085	+00.7813	0001.732
+00.8046	+00.7807	0001.733
+00.8018	+00.7813	0001.734
+00.7988	+00.7810	0001.735
+00.7957	+00.7807	0001.736
+00.7933	+00.7810	0001.737
+00.7899	+00.7813	0001.738
+00.7869	+00.7810	0001.739
+00.7841	+00.7807	0001.740
+00.7811	+00.7813	0001.741
+00.7777	+00.7807	0001.742
+00.7753	+00.7810	0001.743
+00.7722	+00.7810	0001.744
+00.7689	+00.7810	0001.745
+00.7661	+00.7804	0001.746
+00.7631	+00.7810	0001.747
+00.7603	+00.7807	0001.748
+00.7573	+00.7807	0001.749
+00.7545	+00.7807	0001.750
+00.7505	+00.7804	0001.751
+00.7481	+00.7807	0001.752
+00.7447	+00.7807	0001.753
+00.7420	+00.7804	0001.754
+00.7396	+00.7804	0001.755
+00.7362	+00.7807	0001.756
+00.7328	+00.7804	0001.757
+00.7298	+00.7804	0001.758
+00.7264	+00.7804	0001.759
+00.7240	+00.7804	0001.760
+00.7209	+00.7804	0001.761
+00.7182	+00.7804	0001.762
+00.7148	+00.7804	0001.763
+00.7121	+00.7801	0001.764
+00.7087	+00.7804	0001.765
+00.7066	+00.7804	0001.766
+00.7029	+00.7801	0001.767
+00.6999	+00.7801	0001.768
+00.6968	+00.7801	0001.769
+00.6941	+00.7801	0001.770
+00.6913	+00.7801	0001.771
+00.6883	+00.7798	0001.772
+00.6852	+00.7804	0001.773
+00.6819	+00.7798	0001.774
+00.6788	+00.7798	0001.775
+00.6761	+00.7804	0001.776
+00.6733	+00.7795	0001.777
+00.6703	+00.7801	0001.778
+00.6669	+00.7798	0001.779
+00.6639	+00.7795	0001.780
+00.6605	+00.7798	0001.781
+00.6578	+00.7795	0001.782
+00.6544	+00.7795	0001.783
+00.6520	+00.7798	0001.784
+00.6489	+00.7795	0001.785
+00.6459	+00.7795	0001.786
+00.6428	+00.7795	0001.787
+00.6398	+00.7798	0001.788
+00.6364	+00.7792	0001.789
+00.6343	+00.7795	0001.790
+00.6309	+00.7785	0001.791
+00.6276	+00.7795	0001.792
+00.6248	+00.7792	0001.793
+00.6215	+00.7795	0001.794
+00.6187	+00.7792	0001.795
+00.6157	+00.7792	0001.796
+00.6129	+00.7792	0001.797
+00.6099	+00.7792	0001.798
+00.6071	+00.7788	0001.799
+00.6041	+00.7788	0001.800
+00.6004	+00.7792	0001.801
+00.5976	+00.7785	0001.802
+00.5946	+00.7788	0001.803
+00.5915	+00.7785	0001.804
+00.5885	+00.7792	0001.805
+00.5861	+00.7785	0001.806
+00.5827	+00.7788	0001.807
+00.5796	+00.7788	0001.808
+00.5766	+00.7785	0001.809
+00.5738	+00.7785	0001.810
+00.5708	+00.7788	0001.811
+00.5674	+00.7785	0001.812
+00.5647	+00.7785	0001.813
+00.5616	+00.7785	0001.814
+00.5589	+00.7782	0001.815
+00.5558	+00.7782	0001.816
+00.5525	+00.7782	0001.817
+00.5491	+00.7785	0001.818
+00.5470	+00.7785	0001.819
+00.5439	+00.7782	0001.820
+00.5412	+00.7782	0001.821
+00.5375	+00.7785	0001.822
+00.5345	+00.7782	0001.823
+00.5320	+00.7779	0001.824
+00.5290	+00.7782	0001.825
+00.5256	+00.7785	0001.826
+00.5229	+00.7779	0001.827
+00.5192	+00.7779	0001.828
+00.5162	+00.7779	0001.829
+00.5134	+00.7782	0001.830
+00.5107	+00.7776	0001.831
+00.5076	+00.7779	0001.832
+00.5046	+00.7776	0001.833
+00.5018	+00.7779	0001.834
+00.4982	+00.7776	0001.835
+00.4954	+00.7779	0001.836
+00.4927	+00.7773	0001.837
+00.4899	+00.7776	0001.838
+00.4866	+00.7776	0001.839
+00.4835	+00.7776	0001.840
+00.4805	+00.7776	0001.841
+00.4774	+00.7770	0001.842
+00.4741	+00.7773	0001.843
+00.4713	+00.7773	0001.844
+00.4689	+00.7773	0001.845
+00.4661	+00.7773	0001.846
+00.4621	+00.7776	0001.847
+00.4597	+00.7773	0001.848
+00.4564	+00.7770	0001.849
+00.4536	+00.7770	0001.850
+00.4509	+00.7770	0001.851
+00.4472	+00.7767	0001.852
+00.4444	+00.7770	0001.853
+00.4417	+00.7773	0001.854
+00.4380	+00.7770	0001.855
+00.4356	+00.7764	0001.856
+00.4329	+00.7767	0001.857
+00.4295	+00.7767	0001.858
+00.4264	+00.7767	0001.859
+00.4234	+00.7764	0001.860
+00.4210	+00.7764	0001.861
+00.4176	+00.7767	0001.862
+00.4148	+00.7767	0001.863
+00.4118	+00.7764	0001.864
+00.4084	+00.7767	0001.865
+00.4057	+00.7764	0001.866
+00.4026	+00.7761	0001.867
+00.3993	+00.7761	0001.868
+00.3965	+00.7767	0001.869
+00.3938	+00.7767	0001.870
+00.3904	+00.7764	0001.871
+00.3877	+00.7764	0001.872
+00.3849	+00.7761	0001.873
+00.3816	+00.7764	0001.874
+00.3782	+00.7758	0001.875
+00.3752	+00.7755	0001.876
+00.3721	+00.7764	0001.877
+00.3700	+00.7758	0001.878
+00.3663	+00.7761	0001.879
+00.3636	+00.7758	0001.880
+00.3605	+00.7758	0001.881
+00.3572	+00.7758	0001.882
+00.3544	+00.7755	0001.883
+00.3517	+00.7761	0001.884
+00.3486	+00.7758	0001.885
+00.3459	+00.7758	0001.886
+00.3422	+00.7755	0001.887
+00.3395	+00.7755	0001.888
+00.3364	+00.7755	0001.889
+00.3337	+00.7758	0001.890
+00.3300	+00.7752	0001.891
+00.3273	+00.7755	0001.892
+00.3248	+00.7755	0001.893
+00.3215	+00.7755	0001.894
+00.3184	+00.7755	0001.895
+00.3154	+00.7752	0001.896
+00.3123	+00.7752	0001.897
+00.3093	+00.7749	0001.898
+00.3062	+00.7749	0001.899
+00.3032	+00.7752	0001.900
+00.3001	+00.7749	0001.901
+00.2970	+00.7755	0001.902
+00.2946	+00.7749	0001.903
+00.2916	+00.7749	0001.904
+00.2882	+00.7749	0001.905
+00.2855	+00.7749	0001.906
+00.2827	+00.7749	0001.907
+00.2797	+00.7746	0001.908
+00.2763	+00.7743	0001.909
+00.2729	+00.7743	0001.910
+00.2702	+00.7743	0001.911
+00.2671	+00.7743	0001.912
+00.2644	+00.7746	0001.913
+00.2616	+00.7743	0001.914
+00.2586	+00.7746	0001.915
+00.2552	+00.7743	0001.916
+00.2522	+00.7737	0001.917
+00.2494	+00.7743	0001.918
+00.2470	+00.7743	0001.919
+00.2430	+00.7743	0001.920
+00.2400	+00.7743	0001.921
+00.2369	+00.7737	0001.922
+00.2342	+00.7740	0001.923
+00.2308	+00.7737	0001.924
+00.2284	+00.7740	0001.925
+00.2253	+00.7740	0001.926
+00.2223	+00.7737	0001.927
+00.2192	+00.7737	0001.928
+00.2162	+00.7737	0001.929
+00.2134	+00.7734	0001.930
+00.2104	+00.7730	0001.931
+00.2070	+00.7737	0001.932
+00.2040	+00.7737	0001.933
+00.2012	+00.7737	0001.934
+00.1982	+00.7734	0001.935
+00.1951	+00.7730	0001.936
+00.1924	+00.7734	0001.937
+00.1893	+00.7730	0001.938
+00.1860	+00.7730	0001.939
+00.1835	+00.7727	0001.940
+00.1799	+00.7727	0001.941
+00.1768	+00.7730	0001.942
+00.1744	+00.7727	0001.943
+00.1707	+00.7724	0001.944
+00.1680	+00.7727	0001.945
+00.1652	+00.7724	0001.946
+00.1622	+00.7724	0001.947
+00.1591	+00.7724	0001.948
+00.1558	+00.7724	0001.949
+00.1533	+00.7724	0001.950
+00.1500	+00.7724	0001.951
+00.1472	+00.7721	0001.952
+00.1442	+00.7721	0001.953
+00.1417	+00.7724	0001.954
+00.1381	+00.7721	0001.955
+00.1356	+00.7721	0001.956
+00.1319	+00.7718	0001.957
+00.1292	+00.7718	0001.958
+00.1265	+00.7718	0001.959
+00.1228	+00.7718	0001.960
+00.1207	+00.7715	0001.961
+00.1173	+00.7712	0001.962
+00.1142	+00.7718	0001.963
+00.1112	+00.7715	0001.964
+00.1081	+00.7715	0001.965
+00.1051	+00.7715	0001.966
+00.1023	+00.7712	0001.967
+00.0990	+00.7712	0001.968
+00.0959	+00.7712	0001.969
+00.0929	+00.7712	0001.970
+00.0898	+00.7709	0001.971
+00.0874	+00.7712	0001.972
+00.0843	+00.7709	0001.973
+00.0810	+00.7709	0001.974
+00.0773	+00.7703	0001.975
+00.0749	+00.7706	0001.976
+00.0718	+00.7706	0001.977
+00.0691	+00.7703	0001.978
+00.0663	+00.7706	0001.979
+00.0630	+00.7706	0001.980
+00.0602	+00.7706	0001.981
+00.0569	+00.7706	0001.982
+00.0538	+00.7703	0001.983
+00.0508	+00.7706	0001.984
+00.0480	+00.7703	0001.985
+00.0453	+00.7697	0001.986
+00.0422	+00.7697	0001.987
+00.0392	+00.7706	0001.988
+00.0361	+00.7697	0001.989
+00.0334	+00.7700	0001.990
+00.0300	+00.7697	0001.991
+00.0270	+00.7697	0001.992
+00.0236	+00.7697	0001.993
+00.0212	+00.7697	0001.994
+00.0178	+00.7694	0001.995
+00.0151	+00.7697	0001.996
+00.0117	+00.7694	0001.997
+00.0090	+00.7691	0001.998
+00.0056	+00.7694	0001.999
